0, 0, 0.493454, -0.751579, -0.240822, -0.103183, -0.35435, 0.41319, -0.21482, -0.902646, 0.922666, 0.361187, -0.0137638, -0.580004, -0.484725, -0.647755, 0.384686, -0.633473
10, 0, 9.92331, -0.257179, 10.1745, 0.351482, 10.3694, 0.296365, 9.52486, -0.774285, 10.458, 0.328227, 10.7272, -0.383709, 9.62374, 0.322001, 9.78671, -0.848811
0.493454, -0.751579, 0, 0, 0.731132, -0.824824, -0.240822, -0.103183, -0.21482, -0.902646, 1.10651, 0.000457778, 1.2823, -1.03449, -0.0137638, -0.580004, -0.484725, -0.647755, 1.32844, -0.219459, 0.384686, -0.633473
5.28913, -2.36699, 5.99411, -2.66491, 5.90841, -2.16593, 5.72823, -1.75173, 5.85165, -2.0405, 4.91266, -2.02255
5.99411, -2.66491, 5.28913, -2.36699, 6.45079, -2.60466, 5.90841, -2.16593, 6.32701, -2.64348, 5.72823, -1.75173, 5.85165, -2.0405
7.54726, 0.870418, 6.92651, 0.535325, 6.84411, 1.33406, 8.04166, 0.324015, 7.13709, 1.4745, 7.83584, 1.52394, 7.98306, 1.62996, 7.31947, 0.383526, 6.63573, 1.02094, 7.06494, 0.29783, 7.56813, 1.14545
2.06565, -0.878658, 2.12131, -0.431501, 1.66536, -0.722465, 1.95248, -0.9129, 2.03305, -1.5331, 2.69152, -1.04419, 2.682, -1.15168, 1.2823, -1.03449, 2.67687, -0.675405, 1.32844, -0.219459, 1.3376, -1.54244, 1.51631, -1.39082
2.64904, -2.28074, 3.15516, -2.02933, 2.03305, -1.5331, 2.14365, -2.97949, 2.48534, -1.91653, 3.05335, -2.07987, 3.05774, -2.75939, 3.13318, -1.95389, 3.25477, -2.04581, 3.33753, -1.85867
10.5766, -1.97824, 10.1731, -2.41624, 10.2921, -2.48399, 10.4096, -1.2967, 10.6173, -1.49318, 10.4748, -1.13355, 10.4734, -2.29978, 9.64827, -1.62868, 10.0105, -2.59038, 10.8843, -1.41444, 9.96945, -1.62777
10.7986, 1.83505, 10.4521, 2.72753
3.83633, -0.787652, 4.15677, -1.47194, 4.14798, -0.624134, 2.96765, -0.334635, 3.70595, 0.1442, 4.2454, -0.0874355, 4.16813, 0.0918302, 4.28239, -1.02332, 3.81399, 0.197485, 3.45363, -0.222022, 3.699, 0.0412915, 3.82791, -0.255165, 4.31205, -1.09491
9.1026, 2.31315, 8.48625, 1.73489, 9.56478, 2.70812, 9.17182, 2.15622, 8.84442, 1.96451, 9.33442, 1.42323, 8.83709, 2.56383, 9.22089, 2.80224, 9.92477, 2.36369, 9.09272, 2.79638, 8.26359, 2.37339, 9.44502, 1.39302, 9.76803, 2.79492
0.731132, -0.824824, 0.493454, -0.751579, 1.66536, -0.722465, -0.21482, -0.902646, 1.10651, 0.000457778, 1.2823, -1.03449, -0.0137638, -0.580004, 1.32844, -0.219459, 0.384686, -0.633473, 1.3376, -1.54244, 1.24714, -0.091464, 1.51631, -1.39082
7.79958, -2.9002
-0.240822, -0.103183, 0, 0, 0.493454, -0.751579, -0.35435, 0.41319, -0.21482, -0.902646, -0.0137638, -0.580004, -0.484725, -0.647755, 0.384686, -0.633473
2.56957, 2.27543, 2.95337, 2.69219, 2.75488, 2.22947, 2.88379, 1.70998, 1.73605, 2.04929, 3.23939, 2.29887, 3.45692, 2.69897, 1.97226, 2.47392, 2.73034, 2.39317, 3.37269, 2.3311, 2.32786, 2.91064, 3.16504, 2.4135, 2.87133, 2.64733, 2.23667, 2.98645, 2.17551, 2.71087, 2.66039, 1.58437
8.83782, -2.09415, 8.62505, -2.02969, 9.39814, -2.72973, 9.13556, -2.06888, 8.25626, -1.61293, 9.04328, -2.23478, 9.64827, -1.62868, 8.70086, -1.52705, 9.5743, -2.07236, 8.7481, -1.16669
5.80917, 2.89325, 5.9769, 2.13901, 6.54418, 2.54753, 5.18989, 2.90442
5.76083, -0.661489, 5.73849, 0.0669271, 6.02707, -1.12915, 5.80221, -0.717154, 6.07871, -1.42799
5.73849, 0.0669271, 5.76083, -0.661489, 6.21238, 0.700674, 6.45885, 0.239784, 6.06919, 0.502731, 6.16184, 0.805597, 5.80221, -0.717154, 6.71337, -0.0477004
5.1789, 1.21851, 4.59038, 0.989624, 5.29756, 1.92203, 4.99872, 1.42451, 5.09027, 1.02551
8.22147, -0.00833155, 8.04166, 0.324015, 7.7018, -0.840938, 8.56316, -0.636036, 8.42729, -0.129917, 7.31947, 0.383526, 8.14237, -0.00192267
5.9769, 2.13901, 5.80917, 2.89325, 6.54418, 2.54753, 5.29756, 1.92203, 6.00363, 1.83267
10.1731, -2.41624, 10.5766, -1.97824, 9.39814, -2.72973, 10.2921, -2.48399, 10.4734, -2.29978, 9.64827, -1.62868, 10.0105, -2.59038, 9.5743, -2.07236, 9.96945, -1.62777
6.92651, 0.535325, 7.54726, 0.870418, 6.21238, 0.700674, 6.84411, 1.33406, 6.45885, 0.239784, 6.83349, -0.0136418, 6.06919, 0.502731, 7.13709, 1.4745, 6.16184, 0.805597, 7.31947, 0.383526, 6.71337, -0.0477004, 6.63573, 1.02094, 7.06494, 0.29783, 7.56813, 1.14545
-0.576647, -1.56807, -0.21482, -0.902646, -0.978027, -1.53182, -0.477035, -1.49171, -0.484725, -0.647755, -0.465682, -2.49919
8.48625, 1.73489, 9.1026, 2.31315, 9.17182, 2.15622, 8.84442, 1.96451, 9.33442, 1.42323, 8.83709, 2.56383, 7.83584, 1.52394, 7.98306, 1.62996, 8.26359, 2.37339
9.92331, -0.257179, 10, 0, 10.1745, 0.351482, 10.3694, 0.296365, 10.3177, -1.00501, 9.52486, -0.774285, 10.458, 0.328227, 10.577, -0.867122, 10.7272, -0.383709, 9.62374, 0.322001, 9.78671, -0.848811
8.62505, -2.02969, 8.83782, -2.09415, 9.13556, -2.06888, 8.25626, -1.61293, 9.04328, -2.23478, 8.70086, -1.52705, 9.5743, -2.07236, 8.7481, -1.16669
3.15516, -2.02933, 2.64904, -2.28074, 3.66201, -2.35636, 2.48534, -1.91653, 2.682, -1.15168, 3.05335, -2.07987, 3.05774, -2.75939, 3.13318, -1.95389, 3.25477, -2.04581, 3.33753, -1.85867
6.54418, 2.54753, 5.80917, 2.89325, 5.9769, 2.13901, 6.00363, 1.83267, 7.19532, 2.11502, 6.86316, 2.75976
0.634449, -2.18149, 1.31782, -2.1196, 0.773614, -2.76617, 0.46672, -2.44188, 1.3376, -1.54244, 0.841365, -2.85626, 0.0133366, -2.91046
10.1745, 0.351482, 10, 0, 9.92331, -0.257179, 10.3694, 0.296365, 10.458, 0.328227, 10.7272, -0.383709, 9.62374, 0.322001
10.3694, 0.296365, 10, 0, 9.92331, -0.257179, 10.1745, 0.351482, 10.458, 0.328227, 10.7272, -0.383709, 9.62374, 0.322001
1.31782, -2.1196, 0.634449, -2.18149, 0.773614, -2.76617, 2.03305, -1.5331, 0.46672, -2.44188, 1.3376, -1.54244, 1.51631, -1.39082, 0.841365, -2.85626
4.15677, -1.47194, 3.83633, -0.787652, 4.14798, -0.624134, 4.28239, -1.02332, 4.91266, -2.02255, 3.33753, -1.85867, 4.31205, -1.09491
10.3177, -1.00501, 9.92331, -0.257179, 9.52486, -0.774285, 10.577, -0.867122, 10.4096, -1.2967, 10.6173, -1.49318, 10.4748, -1.13355, 10.7272, -0.383709, 9.78671, -0.848811, 9.64827, -1.62868, 10.8843, -1.41444, 9.96945, -1.62777
4.59038, 0.989624, 5.1789, 1.21851, 4.63652, 0.377483, 4.99872, 1.42451, 4.67241, 0.336833, 5.09027, 1.02551
2.12131, -0.431501, 2.06565, -0.878658, 2.96765, -0.334635, 1.66536, -0.722465, 1.95248, -0.9129, 2.24986, 0.265969, 2.69152, -1.04419, 2.682, -1.15168, 2.67687, -0.675405, 1.32844, -0.219459, 1.24714, -0.091464, 1.81954, 0.413007, 2.7058, 0.209204
10.6536, 2.86853, 9.92477, 2.36369, 10.4521, 2.72753, 9.76803, 2.79492
1.62288, 1.22877, 2.48314, 1.2414, 1.6064, 1.01654, 2.21946, 0.994751, 1.73605, 2.04929, 1.5002, 1.1753, 2.15244, 1.18427, 1.37458, 2.14377, 1.57601, 0.817316, 1.81954, 0.413007
0.773614, -2.76617, 0.634449, -2.18149, 1.31782, -2.1196, 0.46672, -2.44188, 0.841365, -2.85626, 0.0133366, -2.91046
4.14798, -0.624134, 3.83633, -0.787652, 4.15677, -1.47194, 3.70595, 0.1442, 4.2454, -0.0874355, 4.16813, 0.0918302, 4.28239, -1.02332, 3.81399, 0.197485, 3.45363, -0.222022, 3.699, 0.0412915, 3.82791, -0.255165, 4.31205, -1.09491
6.21238, 0.700674, 5.73849, 0.0669271, 6.92651, 0.535325, 6.84411, 1.33406, 6.45885, 0.239784, 6.83349, -0.0136418, 6.06919, 0.502731, 6.16184, 0.805597, 6.71337, -0.0477004, 6.63573, 1.02094, 7.06494, 0.29783
2.96765, -0.334635, 3.83633, -0.787652, 2.12131, -0.431501, 3.70595, 0.1442, 2.24986, 0.265969, 2.69152, -1.04419, 3.81399, 0.197485, 2.682, -1.15168, 2.67687, -0.675405, 3.45363, -0.222022, 3.699, 0.0412915, 2.7058, 0.209204, 3.82791, -0.255165
1.66536, -0.722465, 2.06565, -0.878658, 0.731132, -0.824824, 2.12131, -0.431501, 1.95248, -0.9129, 2.03305, -1.5331, 1.10651, 0.000457778, 1.2823, -1.03449, 1.32844, -0.219459, 1.3376, -1.54244, 1.24714, -0.091464, 1.51631, -1.39082
3.70595, 0.1442, 3.83633, -0.787652, 4.14798, -0.624134, 2.96765, -0.334635, 4.63652, 0.377483, 4.2454, -0.0874355, 4.16813, 0.0918302, 3.81399, 0.197485, 3.45363, -0.222022, 4.67241, 0.336833, 3.699, 0.0412915, 3.82791, -0.255165
1.95248, -0.9129, 2.06565, -0.878658, 2.12131, -0.431501, 1.66536, -0.722465, 2.03305, -1.5331, 2.69152, -1.04419, 2.682, -1.15168, 1.2823, -1.03449, 2.67687, -0.675405, 1.32844, -0.219459, 1.3376, -1.54244, 1.51631, -1.39082
9.52486, -0.774285, 10, 0, 9.92331, -0.257179, 10.3177, -1.00501, 8.56316, -0.636036, 9.78671, -0.848811, 8.88983, -0.945677, 9.64827, -1.62868, 9.96945, -1.62777, 8.7481, -1.16669
3.66201, -2.35636, 3.15516, -2.02933, 3.05335, -2.07987, 3.05774, -2.75939, 3.13318, -1.95389, 3.25477, -2.04581, 3.33753, -1.85867
2.95337, 2.69219, 2.56957, 2.27543, 2.75488, 2.22947, 2.88379, 1.70998, 3.82351, 2.69036, 3.23939, 2.29887, 3.45692, 2.69897, 2.73034, 2.39317, 3.37269, 2.3311, 2.32786, 2.91064, 3.16504, 2.4135, 2.87133, 2.64733, 2.23667, 2.98645, 2.17551, 2.71087
4.63652, 0.377483, 4.59038, 0.989624, 3.70595, 0.1442, 4.2454, -0.0874355, 4.16813, 0.0918302, 3.81399, 0.197485, 4.67241, 0.336833, 5.09027, 1.02551, 3.699, 0.0412915
4.2454, -0.0874355, 3.83633, -0.787652, 4.14798, -0.624134, 3.70595, 0.1442, 4.63652, 0.377483, 4.16813, 0.0918302, 4.28239, -1.02332, 3.81399, 0.197485, 3.45363, -0.222022, 4.67241, 0.336833, 3.699, 0.0412915, 3.82791, -0.255165
4.16813, 0.0918302, 3.83633, -0.787652, 4.14798, -0.624134, 3.70595, 0.1442, 4.63652, 0.377483, 4.2454, -0.0874355, 3.81399, 0.197485, 3.45363, -0.222022, 4.67241, 0.336833, 3.699, 0.0412915, 3.82791, -0.255165
4.13077, 2.46275, 3.82351, 2.69036, 3.23939, 2.29887, 3.45692, 2.69897, 3.37269, 2.3311, 3.16504, 2.4135
0.777276, 2.04343, 0.567064, 2.72515, 1.73605, 2.04929, 0.926328, 2.86926, 0.0961028, 1.5688, 0.548387, 1.91562, 1.37458, 2.14377
6.84411, 1.33406, 7.54726, 0.870418, 6.92651, 0.535325, 6.21238, 0.700674, 6.00363, 1.83267, 7.19532, 2.11502, 7.13709, 1.4745, 6.16184, 0.805597, 6.63573, 1.02094, 7.56813, 1.14545
10.458, 0.328227, 10, 0, 9.92331, -0.257179, 10.1745, 0.351482, 10.3694, 0.296365, 10.7272, -0.383709, 9.62374, 0.322001
5.29756, 1.92203, 5.1789, 1.21851, 5.9769, 2.13901, 6.00363, 1.83267, 4.99872, 1.42451, 5.18989, 2.90442, 5.09027, 1.02551
2.24986, 0.265969, 2.12131, -0.431501, 2.96765, -0.334635, 1.6064, 1.01654, 2.21946, 0.994751, 2.15244, 1.18427, 2.66845, 0.756157, 1.57601, 0.817316, 1.81954, 0.413007, 2.7058, 0.209204
4.28239, -1.02332, 3.83633, -0.787652, 4.15677, -1.47194, 4.14798, -0.624134, 4.2454, -0.0874355, 3.82791, -0.255165, 4.31205, -1.09491
2.03305, -1.5331, 2.06565, -0.878658, 2.64904, -2.28074, 1.31782, -2.1196, 1.66536, -0.722465, 1.95248, -0.9129, 2.69152, -1.04419, 2.48534, -1.91653, 2.682, -1.15168, 1.2823, -1.03449, 1.3376, -1.54244, 1.51631, -1.39082
9.56478, 2.70812, 9.1026, 2.31315, 9.17182, 2.15622, 8.83709, 2.56383, 9.22089, 2.80224, 9.92477, 2.36369, 9.09272, 2.79638, 10.4521, 2.72753, 9.76803, 2.79492
9.39814, -2.72973, 8.83782, -2.09415, 10.1731, -2.41624, 9.13556, -2.06888, 10.2921, -2.48399, 9.04328, -2.23478, 10.0105, -2.59038, 9.5743, -2.07236
2.75488, 2.22947, 2.56957, 2.27543, 2.95337, 2.69219, 2.88379, 1.70998, 3.23939, 2.29887, 3.45692, 2.69897, 1.97226, 2.47392, 2.73034, 2.39317, 3.37269, 2.3311, 2.32786, 2.91064, 3.16504, 2.4135, 2.87133, 2.64733, 2.23667, 2.98645, 2.17551, 2.71087, 2.66039, 1.58437
2.48314, 1.2414, 1.62288, 1.22877, 1.6064, 1.01654, 2.21946, 0.994751, 2.88379, 1.70998, 1.5002, 1.1753, 3.01233, 1.08576, 2.15244, 1.18427, 2.66845, 0.756157, 2.66039, 1.58437
-0.170141, 1.52889, -0.988281, 1.81088, -0.421003, 1.54024, 0.0961028, 1.5688, 0.548387, 1.91562, -0.359111, 2.31974
-0.35435, 0.41319, 0, 0, -0.240822, -0.103183
9.17182, 2.15622, 9.1026, 2.31315, 8.48625, 1.73489, 9.56478, 2.70812, 8.84442, 1.96451, 9.33442, 1.42323, 8.83709, 2.56383, 9.22089, 2.80224, 9.92477, 2.36369, 9.09272, 2.79638, 8.26359, 2.37339, 9.44502, 1.39302, 9.76803, 2.79492
8.84442, 1.96451, 9.1026, 2.31315, 8.48625, 1.73489, 9.17182, 2.15622, 9.33442, 1.42323, 8.83709, 2.56383, 9.22089, 2.80224, 9.09272, 2.79638, 7.98306, 1.62996, 8.26359, 2.37339, 9.44502, 1.39302
-0.988281, 1.81088, -0.170141, 1.52889, -0.421003, 1.54024, -0.359111, 2.31974
1.6064, 1.01654, 1.62288, 1.22877, 2.24986, 0.265969, 2.48314, 1.2414, 2.21946, 0.994751, 1.5002, 1.1753, 0.922666, 0.361187, 2.15244, 1.18427, 1.57601, 0.817316, 1.81954, 0.413007
2.14365, -2.97949, 2.64904, -2.28074, 3.05774, -2.75939
6.45885, 0.239784, 5.73849, 0.0669271, 6.92651, 0.535325, 6.21238, 0.700674, 6.83349, -0.0136418, 6.06919, 0.502731, 6.16184, 0.805597, 7.31947, 0.383526, 6.71337, -0.0477004, 6.63573, 1.02094, 7.06494, 0.29783
-0.21482, -0.902646, 0, 0, 0.493454, -0.751579, 0.731132, -0.824824, -0.240822, -0.103183, -0.576647, -1.56807, -0.978027, -1.53182, -0.477035, -1.49171, -0.0137638, -0.580004, -0.484725, -0.647755, 0.384686, -0.633473
2.69152, -1.04419, 2.06565, -0.878658, 2.12131, -0.431501, 2.96765, -0.334635, 1.95248, -0.9129, 2.03305, -1.5331, 2.48534, -1.91653, 2.682, -1.15168, 2.67687, -0.675405
0.46672, -2.44188, 0.634449, -2.18149, 1.31782, -2.1196, 0.773614, -2.76617, -0.465682, -2.49919, 0.841365, -2.85626, -0.514389, -2.57646, 0.0133366, -2.91046
9.33442, 1.42323, 9.1026, 2.31315, 8.48625, 1.73489, 9.17182, 2.15622, 8.84442, 1.96451, 9.44502, 1.39302
3.81399, 0.197485, 3.83633, -0.787652, 4.14798, -0.624134, 2.96765, -0.334635, 3.70595, 0.1442, 4.63652, 0.377483, 4.2454, -0.0874355, 4.16813, 0.0918302, 3.45363, -0.222022, 4.67241, 0.336833, 3.699, 0.0412915, 3.82791, -0.255165
2.21946, 0.994751, 1.62288, 1.22877, 2.24986, 0.265969, 2.48314, 1.2414, 1.6064, 1.01654, 2.88379, 1.70998, 1.5002, 1.1753, 3.01233, 1.08576, 2.15244, 1.18427, 2.66845, 0.756157, 1.57601, 0.817316, 1.81954, 0.413007, 2.7058, 0.209204, 2.66039, 1.58437
1.10651, 0.000457778, 0.493454, -0.751579, 0.731132, -0.824824, 1.66536, -0.722465, 0.922666, 0.361187, 1.32844, -0.219459, 0.384686, -0.633473, 1.24714, -0.091464, 1.57601, 0.817316, 1.81954, 0.413007
6.00363, 1.83267, 5.9769, 2.13901, 6.54418, 2.54753, 6.84411, 1.33406, 5.29756, 1.92203
2.48534, -1.91653, 2.64904, -2.28074, 3.15516, -2.02933, 2.03305, -1.5331, 2.69152, -1.04419, 2.682, -1.15168, 3.05335, -2.07987, 3.13318, -1.95389, 3.25477, -2.04581, 3.33753, -1.85867
6.02707, -1.12915, 5.76083, -0.661489, 5.72823, -1.75173, 5.80221, -0.717154, 6.07871, -1.42799, 5.85165, -2.0405
2.682, -1.15168, 2.06565, -0.878658, 3.15516, -2.02933, 2.12131, -0.431501, 2.96765, -0.334635, 1.95248, -0.9129, 2.03305, -1.5331, 2.69152, -1.04419, 2.48534, -1.91653, 3.05335, -2.07987, 2.67687, -0.675405, 3.13318, -1.95389, 3.33753, -1.85867
2.88379, 1.70998, 2.56957, 2.27543, 2.95337, 2.69219, 2.75488, 2.22947, 2.48314, 1.2414, 2.21946, 0.994751, 3.01233, 1.08576, 2.15244, 1.18427, 2.66845, 0.756157, 3.23939, 2.29887, 2.73034, 2.39317, 3.37269, 2.3311, 3.16504, 2.4135, 2.87133, 2.64733, 2.66039, 1.58437
10.577, -0.867122, 9.92331, -0.257179, 10.3177, -1.00501, 10.4096, -1.2967, 10.6173, -1.49318, 10.4748, -1.13355, 10.7272, -0.383709, 9.78671, -0.848811, 10.8843, -1.41444, 9.96945, -1.62777
6.45079, -2.60466, 5.99411, -2.66491, 6.79321, -1.99893, 5.90841, -2.16593, 6.32701, -2.64348, 5.85165, -2.0405
9.13556, -2.06888, 8.83782, -2.09415, 8.62505, -2.02969, 9.39814, -2.72973, 8.25626, -1.61293, 9.04328, -2.23478, 9.64827, -1.62868, 8.70086, -1.52705, 9.5743, -2.07236, 9.96945, -1.62777, 8.7481, -1.16669
8.83709, 2.56383, 9.1026, 2.31315, 8.48625, 1.73489, 9.56478, 2.70812, 9.17182, 2.15622, 8.84442, 1.96451, 9.22089, 2.80224, 9.09272, 2.79638, 8.26359, 2.37339, 9.76803, 2.79492
0.567064, 2.72515, 0.777276, 2.04343, 0.926328, 2.86926, 0.548387, 1.91562, 1.37458, 2.14377
6.79321, -1.99893, 6.45079, -2.60466, 5.90841, -2.16593, 6.32701, -2.64348, 7.32972, -1.65029, 6.07871, -1.42799, 5.85165, -2.0405
-0.978027, -1.53182, -0.576647, -1.56807, -0.21482, -0.902646, -0.477035, -1.49171
-0.477035, -1.49171, -0.576647, -1.56807, -0.21482, -0.902646, -0.978027, -1.53182, -0.484725, -0.647755
8.04166, 0.324015, 7.54726, 0.870418, 8.22147, -0.00833155, 8.42729, -0.129917, 7.31947, 0.383526, 8.14237, -0.00192267, 7.06494, 0.29783, 7.56813, 1.14545
7.19532, 2.11502, 6.54418, 2.54753, 6.84411, 1.33406, 7.13709, 1.4745, 6.86316, 2.75976, 7.83584, 1.52394, 7.98306, 1.62996
7.76992, -1.40107, 7.7018, -0.840938, 8.25626, -1.61293, 7.32972, -1.65029, 8.23795, -1.01251, 8.70086, -1.52705
6.83349, -0.0136418, 6.92651, 0.535325, 6.21238, 0.700674, 6.45885, 0.239784, 6.06919, 0.502731, 7.31947, 0.383526, 6.71337, -0.0477004, 7.06494, 0.29783
4.99872, 1.42451, 5.1789, 1.21851, 4.59038, 0.989624, 5.29756, 1.92203, 5.09027, 1.02551
1.73605, 2.04929, 2.56957, 2.27543, 1.62288, 1.22877, 0.777276, 2.04343, 1.5002, 1.1753, 2.15244, 1.18427, 1.97226, 2.47392, 1.37458, 2.14377, 2.17551, 2.71087
0.926328, 2.86926, 0.777276, 2.04343, 0.567064, 2.72515, 1.37458, 2.14377
10.2921, -2.48399, 10.5766, -1.97824, 10.1731, -2.41624, 9.39814, -2.72973, 10.4734, -2.29978, 10.0105, -2.59038, 9.5743, -2.07236, 9.96945, -1.62777
1.5002, 1.1753, 1.62288, 1.22877, 2.48314, 1.2414, 1.6064, 1.01654, 2.21946, 0.994751, 1.73605, 2.04929, 0.922666, 0.361187, 2.15244, 1.18427, 1.37458, 2.14377, 1.57601, 0.817316, 1.81954, 0.413007
6.06919, 0.502731, 5.73849, 0.0669271, 6.92651, 0.535325, 6.21238, 0.700674, 6.45885, 0.239784, 6.83349, -0.0136418, 6.16184, 0.805597, 6.71337, -0.0477004, 6.63573, 1.02094
9.22089, 2.80224, 9.1026, 2.31315, 9.56478, 2.70812, 9.17182, 2.15622, 8.84442, 1.96451, 8.83709, 2.56383, 9.92477, 2.36369, 9.09272, 2.79638, 9.76803, 2.79492
3.05335, -2.07987, 2.64904, -2.28074, 3.15516, -2.02933, 3.66201, -2.35636, 2.48534, -1.91653, 2.682, -1.15168, 3.05774, -2.75939, 3.13318, -1.95389, 3.25477, -2.04581, 3.33753, -1.85867
1.2823, -1.03449, 0.493454, -0.751579, 2.06565, -0.878658, 0.731132, -0.824824, 1.66536, -0.722465, 1.95248, -0.9129, 2.03305, -1.5331, 1.32844, -0.219459, 0.384686, -0.633473, 1.3376, -1.54244, 1.24714, -0.091464, 1.51631, -1.39082
5.90841, -2.16593, 5.28913, -2.36699, 5.99411, -2.66491, 6.45079, -2.60466, 6.79321, -1.99893, 6.32701, -2.64348, 5.72823, -1.75173, 6.07871, -1.42799, 5.85165, -2.0405
0.922666, 0.361187, 0, 0, 1.6064, 1.01654, 1.10651, 0.000457778, 1.5002, 1.1753, 1.32844, -0.219459, 1.24714, -0.091464, 1.57601, 0.817316, 1.81954, 0.413007
7.13709, 1.4745, 7.54726, 0.870418, 6.92651, 0.535325, 6.84411, 1.33406, 7.19532, 2.11502, 7.83584, 1.52394, 7.98306, 1.62996, 6.63573, 1.02094, 7.56813, 1.14545
6.86316, 2.75976, 6.54418, 2.54753, 7.19532, 2.11502
3.01233, 1.08576, 2.48314, 1.2414, 2.21946, 0.994751, 2.88379, 1.70998, 2.15244, 1.18427, 2.66845, 0.756157, 2.7058, 0.209204, 2.66039, 1.58437
7.7018, -0.840938, 8.22147, -0.00833155, 7.76992, -1.40107, 8.56316, -0.636036, 8.25626, -1.61293, 8.14237, -0.00192267, 8.23795, -1.01251
6.16184, 0.805597, 5.73849, 0.0669271, 6.92651, 0.535325, 6.21238, 0.700674, 6.84411, 1.33406, 6.45885, 0.239784, 6.06919, 0.502731, 6.63573, 1.02094
2.15244, 1.18427, 1.62288, 1.22877, 2.24986, 0.265969, 2.48314, 1.2414, 1.6064, 1.01654, 2.21946, 0.994751, 2.88379, 1.70998, 1.73605, 2.04929, 1.5002, 1.1753, 3.01233, 1.08576, 2.66845, 0.756157, 1.57601, 0.817316, 1.81954, 0.413007, 2.66039, 1.58437
2.66845, 0.756157, 2.24986, 0.265969, 2.48314, 1.2414, 2.21946, 0.994751, 2.88379, 1.70998, 3.01233, 1.08576, 2.15244, 1.18427, 1.81954, 0.413007, 2.7058, 0.209204, 2.66039, 1.58437
-0.0137638, -0.580004, 0, 0, 0.493454, -0.751579, 0.731132, -0.824824, -0.240822, -0.103183, -0.21482, -0.902646, -0.484725, -0.647755, 0.384686, -0.633473
-0.421003, 1.54024, -0.170141, 1.52889, -0.988281, 1.81088, 0.0961028, 1.5688, -0.359111, 2.31974
8.56316, -0.636036, 8.22147, -0.00833155, 9.52486, -0.774285, 7.7018, -0.840938, 8.42729, -0.129917, 8.88983, -0.945677, 8.14237, -0.00192267, 8.23795, -1.01251, 8.70086, -1.52705, 8.7481, -1.16669
2.67687, -0.675405, 2.06565, -0.878658, 2.12131, -0.431501, 2.96765, -0.334635, 1.95248, -0.9129, 2.69152, -1.04419, 2.682, -1.15168, 3.45363, -0.222022, 2.7058, 0.209204
3.82351, 2.69036, 2.95337, 2.69219, 4.13077, 2.46275, 3.23939, 2.29887, 3.45692, 2.69897, 3.37269, 2.3311, 3.16504, 2.4135, 2.87133, 2.64733
10.4096, -1.2967, 10.5766, -1.97824, 10.3177, -1.00501, 10.577, -0.867122, 10.6173, -1.49318, 10.4748, -1.13355, 10.7272, -0.383709, 9.78671, -0.848811, 9.64827, -1.62868, 10.8843, -1.41444, 9.96945, -1.62777
10.6173, -1.49318, 10.5766, -1.97824, 10.3177, -1.00501, 10.577, -0.867122, 10.4096, -1.2967, 10.4748, -1.13355, 10.4734, -2.29978, 9.64827, -1.62868, 10.8843, -1.41444, 9.96945, -1.62777
7.83584, 1.52394, 7.54726, 0.870418, 8.48625, 1.73489, 7.19532, 2.11502, 7.13709, 1.4745, 7.98306, 1.62996, 8.26359, 2.37339, 7.56813, 1.14545
3.23939, 2.29887, 2.56957, 2.27543, 2.95337, 2.69219, 4.13077, 2.46275, 2.75488, 2.22947, 2.88379, 1.70998, 3.82351, 2.69036, 3.45692, 2.69897, 2.73034, 2.39317, 3.37269, 2.3311, 3.16504, 2.4135, 2.87133, 2.64733, 2.66039, 1.58437
10.4748, -1.13355, 10.5766, -1.97824, 10.3177, -1.00501, 10.577, -0.867122, 10.4096, -1.2967, 10.6173, -1.49318, 10.7272, -0.383709, 9.78671, -0.848811, 9.64827, -1.62868, 10.8843, -1.41444, 9.96945, -1.62777
3.05774, -2.75939, 2.64904, -2.28074, 3.15516, -2.02933, 3.66201, -2.35636, 2.14365, -2.97949, 3.05335, -2.07987, 3.13318, -1.95389, 3.25477, -2.04581, 3.33753, -1.85867
9.92477, 2.36369, 9.1026, 2.31315, 10.6536, 2.86853, 9.56478, 2.70812, 9.17182, 2.15622, 9.22089, 2.80224, 9.09272, 2.79638, 10.4521, 2.72753, 9.76803, 2.79492
0.0961028, 1.5688, 0.777276, 2.04343, -0.170141, 1.52889, -0.421003, 1.54024, 0.548387, 1.91562, -0.359111, 2.31974
3.13318, -1.95389, 2.64904, -2.28074, 3.15516, -2.02933, 3.66201, -2.35636, 2.48534, -1.91653, 2.682, -1.15168, 3.05335, -2.07987, 3.05774, -2.75939, 3.25477, -2.04581, 3.33753, -1.85867
3.45692, 2.69897, 2.56957, 2.27543, 2.95337, 2.69219, 4.13077, 2.46275, 2.75488, 2.22947, 3.82351, 2.69036, 3.23939, 2.29887, 2.73034, 2.39317, 3.37269, 2.3311, 3.16504, 2.4135, 2.87133, 2.64733
5.18989, 2.90442, 5.80917, 2.89325, 5.29756, 1.92203
3.45363, -0.222022, 3.83633, -0.787652, 4.14798, -0.624134, 2.96765, -0.334635, 3.70595, 0.1442, 4.2454, -0.0874355, 4.16813, 0.0918302, 3.81399, 0.197485, 2.67687, -0.675405, 3.699, 0.0412915, 2.7058, 0.209204, 3.82791, -0.255165
-0.484725, -0.647755, 0, 0, 0.493454, -0.751579, -0.240822, -0.103183, -0.576647, -1.56807, -0.21482, -0.902646, -0.477035, -1.49171, -0.0137638, -0.580004, 0.384686, -0.633473
6.32701, -2.64348, 5.99411, -2.66491, 6.45079, -2.60466, 6.79321, -1.99893, 5.90841, -2.16593, 5.85165, -2.0405
1.32844, -0.219459, 0.493454, -0.751579, 2.06565, -0.878658, 0.731132, -0.824824, 2.12131, -0.431501, 1.66536, -0.722465, 1.95248, -0.9129, 1.10651, 0.000457778, 1.2823, -1.03449, 0.922666, 0.361187, 1.24714, -0.091464, 1.81954, 0.413007
8.42729, -0.129917, 8.22147, -0.00833155, 8.04166, 0.324015, 8.56316, -0.636036, 8.88983, -0.945677, 8.14237, -0.00192267, 8.23795, -1.01251
8.25626, -1.61293, 8.83782, -2.09415, 8.62505, -2.02969, 9.13556, -2.06888, 7.76992, -1.40107, 7.7018, -0.840938, 8.88983, -0.945677, 7.32972, -1.65029, 8.23795, -1.01251, 8.70086, -1.52705, 8.7481, -1.16669
10.7272, -0.383709, 10, 0, 9.92331, -0.257179, 10.1745, 0.351482, 10.3694, 0.296365, 10.3177, -1.00501, 10.458, 0.328227, 10.577, -0.867122, 10.4096, -1.2967, 10.4748, -1.13355
1.97226, 2.47392, 2.56957, 2.27543, 2.75488, 2.22947, 1.73605, 2.04929, 2.73034, 2.39317, 1.37458, 2.14377, 2.32786, 2.91064, 2.87133, 2.64733, 2.23667, 2.98645, 2.17551, 2.71087
0.548387, 1.91562, 0.777276, 2.04343, -0.170141, 1.52889, 0.567064, 2.72515, 0.0961028, 1.5688, 1.37458, 2.14377, -0.359111, 2.31974
2.73034, 2.39317, 2.56957, 2.27543, 2.95337, 2.69219, 2.75488, 2.22947, 2.88379, 1.70998, 3.23939, 2.29887, 3.45692, 2.69897, 1.97226, 2.47392, 3.37269, 2.3311, 2.32786, 2.91064, 3.16504, 2.4135, 2.87133, 2.64733, 2.23667, 2.98645, 2.17551, 2.71087, 2.66039, 1.58437
1.37458, 2.14377, 1.62288, 1.22877, 0.777276, 2.04343, 0.567064, 2.72515, 1.73605, 2.04929, 0.926328, 2.86926, 1.5002, 1.1753, 1.97226, 2.47392, 0.548387, 1.91562, 2.17551, 2.71087
4.67241, 0.336833, 4.59038, 0.989624, 3.70595, 0.1442, 4.63652, 0.377483, 4.2454, -0.0874355, 4.16813, 0.0918302, 3.81399, 0.197485, 5.09027, 1.02551
9.62374, 0.322001, 10, 0, 9.92331, -0.257179, 10.1745, 0.351482, 10.3694, 0.296365, 10.458, 0.328227
9.78671, -0.848811, 10, 0, 9.92331, -0.257179, 10.3177, -1.00501, 9.52486, -0.774285, 10.577, -0.867122, 10.4096, -1.2967, 10.4748, -1.13355, 8.88983, -0.945677, 9.64827, -1.62868, 9.96945, -1.62777
3.25477, -2.04581, 2.64904, -2.28074, 3.15516, -2.02933, 3.66201, -2.35636, 2.48534, -1.91653, 3.05335, -2.07987, 3.05774, -2.75939, 3.13318, -1.95389, 3.33753, -1.85867
0.384686, -0.633473, 0, 0, 0.493454, -0.751579, 0.731132, -0.824824, -0.240822, -0.103183, -0.21482, -0.902646, 1.10651, 0.000457778, 1.2823, -1.03449, -0.0137638, -0.580004, -0.484725, -0.647755
9.09272, 2.79638, 9.1026, 2.31315, 9.56478, 2.70812, 9.17182, 2.15622, 8.84442, 1.96451, 8.83709, 2.56383, 9.22089, 2.80224, 9.92477, 2.36369, 8.26359, 2.37339, 9.76803, 2.79492
7.98306, 1.62996, 7.54726, 0.870418, 8.48625, 1.73489, 8.84442, 1.96451, 7.19532, 2.11502, 7.13709, 1.4745, 7.83584, 1.52394, 8.26359, 2.37339, 7.56813, 1.14545
5.72823, -1.75173, 5.28913, -2.36699, 5.99411, -2.66491, 6.02707, -1.12915, 5.90841, -2.16593, 6.07871, -1.42799, 5.85165, -2.0405, 4.91266, -2.02255
10.4521, 2.72753, 10.7986, 1.83505, 10.6536, 2.86853, 9.56478, 2.70812, 9.92477, 2.36369, 9.76803, 2.79492
8.88983, -0.945677, 9.52486, -0.774285, 8.56316, -0.636036, 8.42729, -0.129917, 8.25626, -1.61293, 9.78671, -0.848811, 8.23795, -1.01251, 8.70086, -1.52705, 8.7481, -1.16669
7.31947, 0.383526, 7.54726, 0.870418, 8.22147, -0.00833155, 6.92651, 0.535325, 6.45885, 0.239784, 8.04166, 0.324015, 6.83349, -0.0136418, 8.14237, -0.00192267, 6.71337, -0.0477004, 6.63573, 1.02094, 7.06494, 0.29783, 7.56813, 1.14545
8.14237, -0.00192267, 8.22147, -0.00833155, 8.04166, 0.324015, 7.7018, -0.840938, 8.56316, -0.636036, 8.42729, -0.129917, 7.31947, 0.383526
5.09027, 1.02551, 5.1789, 1.21851, 4.59038, 0.989624, 4.63652, 0.377483, 5.29756, 1.92203, 4.99872, 1.42451, 4.67241, 0.336833
5.80221, -0.717154, 5.76083, -0.661489, 5.73849, 0.0669271, 6.02707, -1.12915, 6.07871, -1.42799
10.4734, -2.29978, 10.5766, -1.97824, 10.1731, -2.41624, 10.2921, -2.48399, 10.6173, -1.49318, 10.0105, -2.59038, 10.8843, -1.41444, 9.5743, -2.07236, 9.96945, -1.62777
3.37269, 2.3311, 2.56957, 2.27543, 2.95337, 2.69219, 4.13077, 2.46275, 2.75488, 2.22947, 2.88379, 1.70998, 3.82351, 2.69036, 3.23939, 2.29887, 3.45692, 2.69897, 2.73034, 2.39317, 3.16504, 2.4135, 2.87133, 2.64733
7.32972, -1.65029, 6.79321, -1.99893, 7.76992, -1.40107, 8.25626, -1.61293
-0.465682, -2.49919, -0.576647, -1.56807, 0.46672, -2.44188, -0.514389, -2.57646, 0.0133366, -2.91046
8.26359, 2.37339, 9.1026, 2.31315, 8.48625, 1.73489, 9.17182, 2.15622, 8.84442, 1.96451, 8.83709, 2.56383, 7.83584, 1.52394, 9.09272, 2.79638, 7.98306, 1.62996
6.71337, -0.0477004, 5.73849, 0.0669271, 6.92651, 0.535325, 6.21238, 0.700674, 6.45885, 0.239784, 6.83349, -0.0136418, 6.06919, 0.502731, 7.31947, 0.383526, 7.06494, 0.29783
9.04328, -2.23478, 8.83782, -2.09415, 8.62505, -2.02969, 9.39814, -2.72973, 9.13556, -2.06888, 9.64827, -1.62868, 8.70086, -1.52705, 9.5743, -2.07236
8.23795, -1.01251, 7.76992, -1.40107, 7.7018, -0.840938, 8.56316, -0.636036, 8.42729, -0.129917, 8.25626, -1.61293, 8.88983, -0.945677, 8.70086, -1.52705, 8.7481, -1.16669
6.07871, -1.42799, 5.76083, -0.661489, 6.02707, -1.12915, 6.79321, -1.99893, 5.90841, -2.16593, 5.72823, -1.75173, 5.80221, -0.717154, 5.85165, -2.0405
5.85165, -2.0405, 5.28913, -2.36699, 5.99411, -2.66491, 6.02707, -1.12915, 6.45079, -2.60466, 6.79321, -1.99893, 5.90841, -2.16593, 6.32701, -2.64348, 5.72823, -1.75173, 6.07871, -1.42799, 4.91266, -2.02255
9.44502, 1.39302, 9.1026, 2.31315, 9.17182, 2.15622, 8.84442, 1.96451, 9.33442, 1.42323
3.699, 0.0412915, 3.83633, -0.787652, 4.14798, -0.624134, 2.96765, -0.334635, 3.70595, 0.1442, 4.63652, 0.377483, 4.2454, -0.0874355, 4.16813, 0.0918302, 3.81399, 0.197485, 3.45363, -0.222022, 3.82791, -0.255165
9.76803, 2.79492, 9.1026, 2.31315, 10.6536, 2.86853, 9.56478, 2.70812, 9.17182, 2.15622, 8.83709, 2.56383, 9.22089, 2.80224, 9.92477, 2.36369, 9.09272, 2.79638, 10.4521, 2.72753
1.3376, -1.54244, 2.06565, -0.878658, 0.731132, -0.824824, 0.634449, -2.18149, 1.31782, -2.1196, 1.66536, -0.722465, 1.95248, -0.9129, 2.03305, -1.5331, 1.2823, -1.03449, 1.51631, -1.39082
2.32786, 2.91064, 2.56957, 2.27543, 2.95337, 2.69219, 2.75488, 2.22947, 1.97226, 2.47392, 2.73034, 2.39317, 3.16504, 2.4135, 2.87133, 2.64733, 2.23667, 2.98645, 2.17551, 2.71087
9.64827, -1.62868, 10.5766, -1.97824, 8.83782, -2.09415, 10.1731, -2.41624, 10.3177, -1.00501, 9.52486, -0.774285, 9.13556, -2.06888, 10.4096, -1.2967, 10.6173, -1.49318, 10.4748, -1.13355, 9.78671, -0.848811, 9.04328, -2.23478, 8.70086, -1.52705, 9.5743, -2.07236, 9.96945, -1.62777
1.24714, -0.091464, 0.731132, -0.824824, 2.12131, -0.431501, 1.66536, -0.722465, 1.10651, 0.000457778, 1.2823, -1.03449, 0.922666, 0.361187, 1.32844, -0.219459, 1.57601, 0.817316, 1.81954, 0.413007
1.51631, -1.39082, 2.06565, -0.878658, 0.731132, -0.824824, 1.31782, -2.1196, 1.66536, -0.722465, 1.95248, -0.9129, 2.03305, -1.5331, 1.2823, -1.03449, 1.3376, -1.54244
6.63573, 1.02094, 7.54726, 0.870418, 6.92651, 0.535325, 6.21238, 0.700674, 6.84411, 1.33406, 6.45885, 0.239784, 6.06919, 0.502731, 7.13709, 1.4745, 6.16184, 0.805597, 7.31947, 0.383526, 7.06494, 0.29783, 7.56813, 1.14545
3.16504, 2.4135, 2.56957, 2.27543, 2.95337, 2.69219, 4.13077, 2.46275, 2.75488, 2.22947, 2.88379, 1.70998, 3.82351, 2.69036, 3.23939, 2.29887, 3.45692, 2.69897, 2.73034, 2.39317, 3.37269, 2.3311, 2.32786, 2.91064, 2.87133, 2.64733, 2.66039, 1.58437
1.57601, 0.817316, 1.62288, 1.22877, 2.24986, 0.265969, 1.6064, 1.01654, 2.21946, 0.994751, 1.10651, 0.000457778, 1.5002, 1.1753, 0.922666, 0.361187, 2.15244, 1.18427, 1.24714, -0.091464, 1.81954, 0.413007
10.0105, -2.59038, 10.5766, -1.97824, 10.1731, -2.41624, 9.39814, -2.72973, 10.2921, -2.48399, 10.4734, -2.29978, 9.5743, -2.07236, 9.96945, -1.62777
1.81954, 0.413007, 2.12131, -0.431501, 1.62288, 1.22877, 2.24986, 0.265969, 1.6064, 1.01654, 2.21946, 0.994751, 1.10651, 0.000457778, 1.5002, 1.1753, 0.922666, 0.361187, 2.15244, 1.18427, 2.66845, 0.756157, 1.32844, -0.219459, 1.24714, -0.091464, 1.57601, 0.817316, 2.7058, 0.209204
4.91266, -2.02255, 5.28913, -2.36699, 4.15677, -1.47194, 5.72823, -1.75173, 5.85165, -2.0405
7.06494, 0.29783, 7.54726, 0.870418, 6.92651, 0.535325, 6.21238, 0.700674, 6.45885, 0.239784, 8.04166, 0.324015, 6.83349, -0.0136418, 7.31947, 0.383526, 6.71337, -0.0477004, 6.63573, 1.02094, 7.56813, 1.14545
2.7058, 0.209204, 2.12131, -0.431501, 2.96765, -0.334635, 2.24986, 0.265969, 2.21946, 0.994751, 3.01233, 1.08576, 2.66845, 0.756157, 2.67687, -0.675405, 3.45363, -0.222022, 1.81954, 0.413007
8.70086, -1.52705, 8.83782, -2.09415, 8.62505, -2.02969, 9.13556, -2.06888, 7.76992, -1.40107, 8.56316, -0.636036, 8.25626, -1.61293, 8.88983, -0.945677, 9.04328, -2.23478, 8.23795, -1.01251, 9.64827, -1.62868, 8.7481, -1.16669
2.87133, 2.64733, 2.56957, 2.27543, 2.95337, 2.69219, 2.75488, 2.22947, 2.88379, 1.70998, 3.82351, 2.69036, 3.23939, 2.29887, 3.45692, 2.69897, 1.97226, 2.47392, 2.73034, 2.39317, 3.37269, 2.3311, 2.32786, 2.91064, 3.16504, 2.4135, 2.23667, 2.98645, 2.17551, 2.71087
10.8843, -1.41444, 10.5766, -1.97824, 10.3177, -1.00501, 10.577, -0.867122, 10.4096, -1.2967, 10.6173, -1.49318, 10.4748, -1.13355, 10.4734, -2.29978, 9.96945, -1.62777
2.23667, 2.98645, 2.56957, 2.27543, 2.95337, 2.69219, 2.75488, 2.22947, 1.97226, 2.47392, 2.73034, 2.39317, 2.32786, 2.91064, 2.87133, 2.64733, 2.17551, 2.71087
3.82791, -0.255165, 3.83633, -0.787652, 4.14798, -0.624134, 2.96765, -0.334635, 3.70595, 0.1442, 4.2454, -0.0874355, 4.16813, 0.0918302, 4.28239, -1.02332, 3.81399, 0.197485, 3.45363, -0.222022, 3.699, 0.0412915, 4.31205, -1.09491
9.5743, -2.07236, 8.83782, -2.09415, 10.1731, -2.41624, 8.62505, -2.02969, 9.39814, -2.72973, 9.13556, -2.06888, 10.2921, -2.48399, 10.4734, -2.29978, 9.04328, -2.23478, 9.64827, -1.62868, 10.0105, -2.59038, 9.96945, -1.62777
2.17551, 2.71087, 2.56957, 2.27543, 2.95337, 2.69219, 2.75488, 2.22947, 1.73605, 2.04929, 1.97226, 2.47392, 2.73034, 2.39317, 1.37458, 2.14377, 2.32786, 2.91064, 2.87133, 2.64733, 2.23667, 2.98645
9.96945, -1.62777, 10.5766, -1.97824, 10.1731, -2.41624, 10.3177, -1.00501, 9.52486, -0.774285, 10.577, -0.867122, 9.13556, -2.06888, 10.2921, -2.48399, 10.4096, -1.2967, 10.6173, -1.49318, 10.4748, -1.13355, 9.78671, -0.848811, 10.4734, -2.29978, 9.64827, -1.62868, 10.0105, -2.59038, 10.8843, -1.41444, 9.5743, -2.07236
3.33753, -1.85867, 2.64904, -2.28074, 3.15516, -2.02933, 4.15677, -1.47194, 3.66201, -2.35636, 2.48534, -1.91653, 2.682, -1.15168, 3.05335, -2.07987, 3.05774, -2.75939, 3.13318, -1.95389, 3.25477, -2.04581
0.841365, -2.85626, 0.634449, -2.18149, 1.31782, -2.1196, 0.773614, -2.76617, 0.46672, -2.44188, 0.0133366, -2.91046
2.66039, 1.58437, 2.56957, 2.27543, 2.75488, 2.22947, 2.48314, 1.2414, 2.21946, 0.994751, 2.88379, 1.70998, 3.01233, 1.08576, 2.15244, 1.18427, 2.66845, 0.756157, 3.23939, 2.29887, 2.73034, 2.39317, 3.16504, 2.4135
-0.514389, -2.57646, 0.46672, -2.44188, -0.465682, -2.49919, 0.0133366, -2.91046
4.31205, -1.09491, 3.83633, -0.787652, 4.15677, -1.47194, 4.14798, -0.624134, 4.28239, -1.02332, 3.82791, -0.255165
0.0133366, -2.91046, 0.634449, -2.18149, 0.773614, -2.76617, 0.46672, -2.44188, -0.465682, -2.49919, 0.841365, -2.85626, -0.514389, -2.57646
8.7481, -1.16669, 8.83782, -2.09415, 8.62505, -2.02969, 9.52486, -0.774285, 9.13556, -2.06888, 8.56316, -0.636036, 8.25626, -1.61293, 8.88983, -0.945677, 8.23795, -1.01251, 8.70086, -1.52705
7.56813, 1.14545, 7.54726, 0.870418, 6.92651, 0.535325, 6.84411, 1.33406, 8.04166, 0.324015, 7.13709, 1.4745, 7.83584, 1.52394, 7.98306, 1.62996, 7.31947, 0.383526, 6.63573, 1.02094, 7.06494, 0.29783
-0.359111, 2.31974, -0.170141, 1.52889, -0.988281, 1.81088, -0.421003, 1.54024, 0.0961028, 1.5688, 0.548387, 1.91562
