0,0,0
0.0035,0,0.0035
0.0419962,0,0.0419962
0.115408,0,0.115408
0.22355,0,0.22355
0.366134,0,0.366134
0.542766,0,0.542766
0.752955,0,0.752955
0.996109,0,0.996109
1.27154,0,1.27154
1.57847,0,1.57847
1.91603,0,1.91603
2.28326,0,2.28326
2.67913,0,2.67913
3.10254,0,3.10254
3.55229,0,3.55229
3.96231,0,3.96231
3.96231,0.1,4.06231
3.96231,0.2,4.16231
3.96231,0.3,4.26231
3.96231,0.4,4.36231
3.96231,0.5,4.46231
3.96231,0.6,4.56231
3.96231,0.7,4.66231
3.96231,0.8,4.76231
3.96231,0.9,4.86231
3.96231,1,4.96231
3.96231,1.1,5.06231
4.06231,1.1,5.16231
4.16231,1.1,5.26231
4.26231,1.1,5.36231
4.36231,1.1,5.46231
4.46231,1.1,5.56231
4.56231,1.1,5.66231
4.66231,1.1,5.76231
4.76231,1.1,5.86231
4.86231,1.1,5.96231
4.96231,1.1,6.06231
5.06231,1.1,6.16231
5.06231,1,6.26231
5.06231,0.9,6.36231
5.06231,0.8,6.46231
5.06231,0.7,6.56231
5.06231,0.6,6.66231
5.06231,0.5,6.76231
5.06231,0.4,6.86231
5.06231,0.3,6.96231
5.06231,0.2,7.06231
5.06231,0.1,7.16231
5.06231,2.77556e-017,7.26231
5.06231,-0.1,7.36231
5.06231,-0.2,7.46231
5.06231,-0.3,7.56231
5.06231,-0.4,7.66231
5.06231,-0.5,7.76231
5.06231,-0.6,7.86231
5.06231,-0.7,7.96231
5.06231,-0.8,8.06231
5.06231,-0.9,8.16231
5.06231,-1,8.26231
5.06231,-1.1,8.36231
5.06231,-1.2,8.46231
5.06231,-1.3,8.56231
5.06231,-1.4,8.66231
5.06231,-1.5,8.76231
5.06231,-1.6,8.86231
5.06231,-1.7,8.96231
5.06231,-1.8,9.06231
5.06231,-1.9,9.16231
5.06231,-2,9.26231
5.06231,-2.1,9.36231
5.06231,-2.2,9.46231
5.06231,-2.3,9.56231
5.06231,-2.4,9.66231
5.06231,-2.5,9.76231
5.06231,-2.6,9.86231
5.06231,-2.7,9.96231
5.06231,-2.8,10.0623
5.06231,-2.9,10.1623
5.06231,-3,10.2623
5.06231,-3.1,10.3623
5.06231,-3.2,10.4623
5.06231,-3.3,10.5623
5.06231,-3.4,10.6623
5.06231,-3.5,10.7623
5.06231,-3.6,10.8623
5.06231,-3.7,10.9623
5.06231,-3.8,11.0623
5.06231,-3.9,11.1623
5.06231,-4,11.2623
5.06231,-4.1,11.3623
5.06231,-4.2,11.4623
5.06231,-4.3,11.5623
5.06231,-4.4,11.6623
5.06231,-4.5,11.7623
5.06231,-4.6,11.8623
5.06231,-4.7,11.9623
5.06231,-4.8,12.0623
5.06231,-4.9,12.1623
5.16231,-4.9,12.2623
5.26231,-4.9,12.3623
5.36231,-4.9,12.4623
5.46231,-4.9,12.5623
5.56231,-4.9,12.6623
5.66231,-4.9,12.7623
5.76231,-4.9,12.8623
5.86231,-4.9,12.9623
5.96231,-4.9,13.0623
6.06231,-4.9,13.1623
6.16231,-4.9,13.2623
6.26231,-4.9,13.3623
6.36231,-4.9,13.4623
6.46231,-4.9,13.5623
6.56231,-4.9,13.6623
6.66231,-4.9,13.7623
6.76231,-4.9,13.8623
6.86231,-4.9,13.9623
6.96231,-4.9,14.0623
7.06231,-4.9,14.1623
7.16231,-4.9,14.2623
7.26231,-4.9,14.3623
7.36231,-4.9,14.4623
7.46231,-4.9,14.5623
7.56231,-4.9,14.6623
7.66231,-4.9,14.7623
7.76231,-4.9,14.8623
7.86231,-4.9,14.9623
7.96231,-4.9,15.0623
8.06231,-4.9,15.1623
8.16231,-4.9,15.2623
8.26231,-4.9,15.3623
8.36231,-4.9,15.4623
8.46231,-4.9,15.5623
8.56231,-4.9,15.6623
8.66231,-4.9,15.7623
8.76231,-4.9,15.8623
8.86231,-4.9,15.9623
8.96231,-4.9,16.0623
9.06231,-4.9,16.1623
9.16231,-4.9,16.2623
9.26231,-4.9,16.3623
9.36231,-4.9,16.4623
9.46231,-4.9,16.5623
9.56231,-4.9,16.6623
9.66231,-4.9,16.7623
9.76231,-4.9,16.8623
9.86231,-4.9,16.9623
9.96231,-4.9,17.0623
10.0623,-4.9,17.1623
10.1623,-4.9,17.2623
10.2623,-4.9,17.3623
10.3623,-4.9,17.4623
10.4623,-4.9,17.5623
10.5623,-4.9,17.6623
10.6623,-4.9,17.7623
10.7623,-4.9,17.8623
10.8623,-4.9,17.9623
10.9623,-4.9,18.0623
11.0623,-4.9,18.1623
11.1623,-4.9,18.2623
11.2623,-4.9,18.3623
11.3623,-4.9,18.4623
11.4623,-4.9,18.5623
11.5623,-4.9,18.6623
11.6623,-4.9,18.7623
11.7623,-4.9,18.8623
11.8623,-4.9,18.9623
11.9623,-4.9,19.0623
12.0623,-4.9,19.1623
12.1623,-4.9,19.2623
12.2623,-4.9,19.3623
12.3623,-4.9,19.4623
12.4623,-4.9,19.5623
12.5623,-4.9,19.6623
12.6623,-4.9,19.7623
12.7623,-4.9,19.8623
12.8623,-4.9,19.9623
12.9623,-4.9,20.0623
13.0623,-4.9,20.1623
13.1623,-4.9,20.2623
13.2623,-4.9,20.3623
13.3623,-4.9,20.4623
13.4623,-4.9,20.5623
13.5623,-4.9,20.6623
13.6623,-4.9,20.7623
13.7623,-4.9,20.8623
13.8623,-4.9,20.9623
13.8623,-4.8,21.0623
13.8623,-4.7,21.1623
13.8623,-4.6,21.2623
13.8623,-4.5,21.3623
13.8623,-4.4,21.4623
13.8623,-4.3,21.5623
13.8623,-4.2,21.6623
13.8623,-4.1,21.7623
13.8623,-4,21.8623
13.8623,-3.9,21.9623
13.8623,-3.8,22.0623
13.8623,-3.7,22.1623
13.8623,-3.6,22.2623
13.8623,-3.5,22.3623
13.8623,-3.4,22.4623
13.8623,-3.3,22.5623
13.8623,-3.2,22.6623
13.8623,-3.1,22.7623
13.8623,-3,22.8623
13.8623,-2.9,22.9623
13.8623,-2.8,23.0623
13.8623,-2.7,23.1623
13.8623,-2.6,23.2623
13.8623,-2.5,23.3623
13.8623,-2.4,23.4623
13.8623,-2.3,23.5623
13.8623,-2.2,23.6623
13.8623,-2.1,23.7623
13.8623,-2,23.8623
13.8623,-1.9,23.9623
13.8623,-1.8,24.0623
13.8623,-1.7,24.1623
13.8623,-1.6,24.2623
13.8623,-1.5,24.3623
13.8623,-1.4,24.4623
13.8623,-1.3,24.5623
13.8623,-1.2,24.6623
13.8623,-1.1,24.7623
13.8623,-1,24.8623
13.8623,-0.9,24.9623
13.8623,-0.8,25.0623
13.8623,-0.7,25.1623
13.8623,-0.6,25.2623
13.8623,-0.5,25.3623
13.8623,-0.4,25.4623
13.8623,-0.3,25.5623
13.8623,-0.2,25.6623
13.8623,-0.1,25.7623
13.8623,6.38378e-016,25.8623
13.8623,0.1,25.9623
13.8623,0.2,26.0623
13.8623,0.3,26.1623
13.8623,0.4,26.2623
13.8623,0.5,26.3623
13.8623,0.6,26.4623
13.8623,0.7,26.5623
13.8623,0.8,26.6623
13.8623,0.9,26.7623
13.8623,1,26.8623
13.9623,1,26.9623
14.0623,1,27.0623
14.1623,1,27.1623
14.2623,1,27.2623
14.3623,1,27.3623
14.4623,1,27.4623
14.5623,1,27.5623
14.6623,1,27.6623
14.7623,1,27.7623
14.8623,1,27.8623
14.9623,1,27.9623
15.0623,1,28.0623
15.0623,0.9,28.1623
15.0623,0.8,28.2623
15.0623,0.7,28.3623
15.0623,0.6,28.4623
15.0623,0.5,28.5623
15.0623,0.4,28.6623
15.0623,0.3,28.7623
15.0623,0.2,28.8623
15.0623,0.1,28.9623
15.0623,8.04912e-016,29.0623
15.0623,-0.1,29.1623
15.0623,-0.2,29.2623
15.0623,-0.3,29.3623
15.0623,-0.4,29.4623
15.0623,-0.5,29.5623
15.0623,-0.6,29.6623
15.0623,-0.7,29.7623
15.0623,-0.8,29.8623
15.0623,-0.9,29.9623
15.0623,-1,30.0623
15.0623,-1.1,30.1623
15.0623,-1.2,30.2623
15.0623,-1.3,30.3623
15.0623,-1.4,30.4623
15.0623,-1.5,30.5623
15.0623,-1.6,30.6623
15.0623,-1.7,30.7623
15.0623,-1.8,30.8623
15.0623,-1.9,30.9623
15.0623,-2,31.0623
15.0623,-2.1,31.1623
15.0623,-2.2,31.2623
15.0623,-2.3,31.3623
15.0623,-2.4,31.4623
15.0623,-2.5,31.5623
15.0623,-2.6,31.6623
15.0623,-2.7,31.7623
15.0623,-2.8,31.8623
15.0623,-2.9,31.9623
15.0623,-3,32.0623
15.0623,-3.1,32.1623
15.0623,-3.2,32.2623
15.0623,-3.3,32.3623
15.0623,-3.4,32.4623
15.0623,-3.5,32.5623
15.0623,-3.6,32.6623
15.0623,-3.7,32.7623
15.0623,-3.8,32.8623
15.0623,-3.9,32.9623
15.0623,-4,33.0623
15.0623,-4.1,33.1623
15.0623,-4.2,33.2623
15.0623,-4.3,33.3623
15.0623,-4.4,33.4623
15.0623,-4.5,33.5623
15.0623,-4.6,33.6623
15.0623,-4.7,33.7623
15.0623,-4.8,33.8623
15.0623,-4.9,33.9623
15.1623,-4.9,34.0623
15.2623,-4.9,34.1623
15.3623,-4.9,34.2623
15.4623,-4.9,34.3623
15.5623,-4.9,34.4623
15.6623,-4.9,34.5623
15.7623,-4.9,34.6623
15.8623,-4.9,34.7623
15.9623,-4.9,34.8623
16.0623,-4.9,34.9623
16.1623,-4.9,35.0623
16.2623,-4.9,35.1623
16.3623,-4.9,35.2623
16.4623,-4.9,35.3623
16.5623,-4.9,35.4623
16.6623,-4.9,35.5623
16.7623,-4.9,35.6623
16.8623,-4.9,35.7623
16.9623,-4.9,35.8623
17.0623,-4.9,35.9623
17.1623,-4.9,36.0623
17.2623,-4.9,36.1623
17.3623,-4.9,36.2623
17.4623,-4.9,36.3623
17.5623,-4.9,36.4623
17.6623,-4.9,36.5623
17.7623,-4.9,36.6623
17.8623,-4.9,36.7623
17.9623,-4.9,36.8623
18.0623,-4.9,36.9623
18.1623,-4.9,37.0623
18.2623,-4.9,37.1623
18.3623,-4.9,37.2623
18.4623,-4.9,37.3623
18.5623,-4.9,37.4623
18.6623,-4.9,37.5623
18.7623,-4.9,37.6623
18.8623,-4.9,37.7623
18.9623,-4.9,37.8623
19.0623,-4.9,37.9623
19.1623,-4.9,38.0623
19.2623,-4.9,38.1623
19.3623,-4.9,38.2623
19.4623,-4.9,38.3623
19.5623,-4.9,38.4623
19.6623,-4.9,38.5623
19.7623,-4.9,38.6623
19.8623,-4.9,38.7623
19.9623,-4.9,38.8623
20.0623,-4.9,38.9623
20.1623,-4.9,39.0623
20.2623,-4.9,39.1623
20.3623,-4.9,39.2623
20.4623,-4.9,39.3623
20.5623,-4.9,39.4623
20.6623,-4.9,39.5623
20.7623,-4.9,39.6623
20.8623,-4.9,39.7623
20.9623,-4.9,39.8623
21.0623,-4.9,39.9623
21.1623,-4.9,40.0623
21.2623,-4.9,40.1623
21.3623,-4.9,40.2623
21.4623,-4.9,40.3623
21.5623,-4.9,40.4623
21.6623,-4.9,40.5623
21.7623,-4.9,40.6623
21.8623,-4.9,40.7623
21.9623,-4.9,40.8623
22.0623,-4.9,40.9623
22.1623,-4.9,41.0623
22.2623,-4.9,41.1623
22.3623,-4.9,41.2623
22.4623,-4.9,41.3623
22.5623,-4.9,41.4623
22.6623,-4.9,41.5623
22.7623,-4.9,41.6623
22.8623,-4.9,41.7623
22.9623,-4.9,41.8623
23.0623,-4.9,41.9623
23.1623,-4.9,42.0623
23.2623,-4.9,42.1623
23.3623,-4.9,42.2623
23.4623,-4.9,42.3623
23.5623,-4.9,42.4623
23.6623,-4.9,42.5623
23.7623,-4.9,42.6623
23.8623,-4.9,42.7623
23.8623,-4.8,42.8623
23.8623,-4.7,42.9623
23.8623,-4.6,43.0623
23.8623,-4.5,43.1623
23.8623,-4.4,43.2623
23.8623,-4.3,43.3623
23.8623,-4.2,43.4623
23.8623,-4.1,43.5623
23.8623,-4,43.6623
23.8623,-3.9,43.7623
23.8623,-3.8,43.8623
23.8623,-3.7,43.9623
23.8623,-3.6,44.0623
23.8623,-3.5,44.1623
23.8623,-3.4,44.2623
23.8623,-3.3,44.3623
23.8623,-3.2,44.4623
23.8623,-3.1,44.5623
23.8623,-3,44.6623
23.8623,-2.9,44.7623
23.8623,-2.8,44.8623
23.8623,-2.7,44.9623
23.8623,-2.6,45.0623
23.8623,-2.5,45.1623
23.8623,-2.4,45.2623
23.8623,-2.3,45.3623
23.8623,-2.2,45.4623
23.8623,-2.1,45.5623
23.8623,-2,45.6623
23.8623,-1.9,45.7623
23.8623,-1.8,45.8623
23.8623,-1.7,45.9623
23.8623,-1.6,46.0623
23.8623,-1.5,46.1623
23.8623,-1.4,46.2623
23.8623,-1.3,46.3623
23.8623,-1.2,46.4623
23.8623,-1.1,46.5623
23.8623,-1,46.6623
23.8623,-0.9,46.7623
23.8623,-0.8,46.8623
23.8623,-0.7,46.9623
23.8623,-0.6,47.0623
23.8623,-0.5,47.1623
23.8623,-0.4,47.2623
23.8623,-0.3,47.3623
23.8623,-0.2,47.4623
23.8623,-0.1,47.5623
23.8623,6.38378e-016,47.6623
23.8623,0.1,47.7623
23.8623,0.2,47.8623
23.8623,0.3,47.9623
23.8623,0.4,48.0623
23.8623,0.5,48.1623
23.8623,0.6,48.2623
23.8623,0.7,48.3623
23.8623,0.8,48.4623
23.8623,0.9,48.5623
23.8623,1,48.6623
23.9623,1,48.7623
24.0623,1,48.8623
24.1623,1,48.9623
24.2623,1,49.0623
24.3623,1,49.1623
24.4623,1,49.2623
24.5623,1,49.3623
24.6623,1,49.4623
24.7623,1,49.5623
24.8623,1,49.6623
24.9623,1,49.7623
25.0623,1,49.8623
25.0623,0.9,49.9623
25.0623,0.8,50.0623
25.0623,0.7,50.1623
25.0623,0.6,50.2623
25.0623,0.5,50.3623
25.0623,0.4,50.4623
25.0623,0.3,50.5623
25.0623,0.2,50.6623
25.0623,0.1,50.7623
25.0623,8.04912e-016,50.8623
25.0623,-0.1,50.9623
25.0623,-0.2,51.0623
25.0623,-0.3,51.1623
25.0623,-0.4,51.2623
25.0623,-0.5,51.3623
25.0623,-0.6,51.4623
25.0623,-0.7,51.5623
25.0623,-0.8,51.6623
25.0623,-0.9,51.7623
25.0623,-1,51.8623
25.0623,-1.1,51.9623
25.0623,-1.2,52.0623
25.0623,-1.3,52.1623
25.0623,-1.4,52.2623
25.0623,-1.5,52.3623
25.0623,-1.6,52.4623
25.0623,-1.7,52.5623
25.0623,-1.8,52.6623
25.0623,-1.9,52.7623
25.0623,-2,52.8623
25.0623,-2.1,52.9623
25.0623,-2.2,53.0623
25.0623,-2.3,53.1623
25.0623,-2.4,53.2623
25.0623,-2.5,53.3623
25.0623,-2.6,53.4623
25.0623,-2.7,53.5623
25.0623,-2.8,53.6623
25.0623,-2.9,53.7623
25.0623,-3,53.8623
25.0623,-3.1,53.9623
25.0623,-3.2,54.0623
25.0623,-3.3,54.1623
25.0623,-3.4,54.2623
25.0623,-3.5,54.3623
25.0623,-3.6,54.4623
25.0623,-3.7,54.5623
25.0623,-3.8,54.6623
25.0623,-3.9,54.7623
25.0623,-4,54.8623
25.0623,-4.1,54.9623
25.0623,-4.2,55.0623
25.0623,-4.3,55.1623
25.0623,-4.4,55.2623
25.0623,-4.5,55.3623
25.0623,-4.6,55.4623
25.0623,-4.7,55.5623
25.0623,-4.8,55.6623
25.0623,-4.9,55.7623
25.0623,-5,55.8623
25.0623,-5.1,55.9623
25.0623,-5.2,56.0623
25.0623,-5.3,56.1623
25.0623,-5.4,56.2623
25.0623,-5.5,56.3623
25.0623,-5.6,56.4623
25.0623,-5.7,56.5623
25.0623,-5.8,56.6623
25.0623,-5.9,56.7623
25.0623,-6,56.8623
25.0623,-6.1,56.9623
24.9623,-6.1,57.0623
24.8623,-6.1,57.1623
24.7623,-6.1,57.2623
24.6623,-6.1,57.3623
24.5623,-6.1,57.4623
24.4623,-6.1,57.5623
24.3623,-6.1,57.6623
24.2623,-6.1,57.7623
24.1623,-6.1,57.8623
24.0623,-6.1,57.9623
23.9623,-6.1,58.0623
23.8623,-6.1,58.1623
23.7623,-6.1,58.2623
23.6623,-6.1,58.3623
23.5623,-6.1,58.4623
23.4623,-6.1,58.5623
23.3623,-6.1,58.6623
23.2623,-6.1,58.7623
23.1623,-6.1,58.8623
23.0623,-6.1,58.9623
22.9623,-6.1,59.0623
22.8623,-6.1,59.1623
22.7623,-6.1,59.2623
22.6623,-6.1,59.3623
22.5623,-6.1,59.4623
22.4623,-6.1,59.5623
22.3623,-6.1,59.6623
22.2623,-6.1,59.7623
22.1623,-6.1,59.8623
22.0623,-6.1,59.9623
21.9623,-6.1,60.0623
21.8623,-6.1,60.1623
21.7623,-6.1,60.2623
21.6623,-6.1,60.3623
21.5623,-6.1,60.4623
21.4623,-6.1,60.5623
21.3623,-6.1,60.6623
21.2623,-6.1,60.7623
21.1623,-6.1,60.8623
21.0623,-6.1,60.9623
20.9623,-6.1,61.0623
20.8623,-6.1,61.1623
20.7623,-6.1,61.2623
20.6623,-6.1,61.3623
20.5623,-6.1,61.4623
20.4623,-6.1,61.5623
20.3623,-6.1,61.6623
20.2623,-6.1,61.7623
20.1623,-6.1,61.8623
20.0623,-6.1,61.9623
19.9623,-6.1,62.0623
19.8623,-6.1,62.1623
19.7623,-6.1,62.2623
19.6623,-6.1,62.3623
19.5623,-6.1,62.4623
19.4623,-6.1,62.5623
19.3623,-6.1,62.6623
19.2623,-6.1,62.7623
19.1623,-6.1,62.8623
19.0623,-6.1,62.9623
18.9623,-6.1,63.0623
18.8623,-6.1,63.1623
18.7623,-6.1,63.2623
18.6623,-6.1,63.3623
18.5623,-6.1,63.4623
18.4623,-6.1,63.5623
18.3623,-6.1,63.6623
18.2623,-6.1,63.7623
18.1623,-6.1,63.8623
18.0623,-6.1,63.9623
17.9623,-6.1,64.0623
17.8623,-6.1,64.1623
17.7623,-6.1,64.2623
17.6623,-6.1,64.3623
17.5623,-6.1,64.4623
17.4623,-6.1,64.5623
17.3623,-6.1,64.6623
17.2623,-6.1,64.7623
17.1623,-6.1,64.8623
17.0623,-6.1,64.9623
16.9623,-6.1,65.0623
16.8623,-6.1,65.1623
16.7623,-6.1,65.2623
16.6623,-6.1,65.3623
16.5623,-6.1,65.4623
16.4623,-6.1,65.5623
16.3623,-6.1,65.6623
16.2623,-6.1,65.7623
16.1623,-6.1,65.8623
16.0623,-6.1,65.9623
15.9623,-6.1,66.0623
15.8623,-6.1,66.1623
15.7623,-6.1,66.2623
15.6623,-6.1,66.3623
15.5623,-6.1,66.4623
15.4623,-6.1,66.5623
15.3623,-6.1,66.6623
15.2623,-6.1,66.7623
15.1623,-6.1,66.8623
15.0623,-6.1,66.9623
14.9623,-6.1,67.0623
14.8623,-6.1,67.1623
14.7623,-6.1,67.2623
14.6623,-6.1,67.3623
14.5623,-6.1,67.4623
14.4623,-6.1,67.5623
14.3623,-6.1,67.6623
14.2623,-6.1,67.7623
14.1623,-6.1,67.8623
14.0623,-6.1,67.9623
13.9623,-6.1,68.0623
13.8623,-6.1,68.1623
13.7623,-6.1,68.2623
13.6623,-6.1,68.3623
13.5623,-6.1,68.4623
13.4623,-6.1,68.5623
13.3623,-6.1,68.6623
13.2623,-6.1,68.7623
13.1623,-6.1,68.8623
13.0623,-6.1,68.9623
12.9623,-6.1,69.0623
12.8623,-6.1,69.1623
12.7623,-6.1,69.2623
12.6623,-6.1,69.3623
12.5623,-6.1,69.4623
12.4623,-6.1,69.5623
12.3623,-6.1,69.6623
12.2623,-6.1,69.7623
12.1623,-6.1,69.8623
12.0623,-6.1,69.9623
11.9623,-6.1,70.0623
11.8623,-6.1,70.1623
11.7623,-6.1,70.2623
11.6623,-6.1,70.3623
11.5623,-6.1,70.4623
11.4623,-6.1,70.5623
11.3623,-6.1,70.6623
11.2623,-6.1,70.7623
11.1623,-6.1,70.8623
11.0623,-6.1,70.9623
10.9623,-6.1,71.0623
10.8623,-6.1,71.1623
10.7623,-6.1,71.2623
10.6623,-6.1,71.3623
10.5623,-6.1,71.4623
10.4623,-6.1,71.5623
10.3623,-6.1,71.6623
10.2623,-6.1,71.7623
10.1623,-6.1,71.8623
10.0623,-6.1,71.9623
9.96231,-6.1,72.0623
9.86231,-6.1,72.1623
9.76231,-6.1,72.2623
9.66231,-6.1,72.3623
9.56231,-6.1,72.4623
9.46231,-6.1,72.5623
9.36231,-6.1,72.6623
9.26231,-6.1,72.7623
9.16231,-6.1,72.8623
9.06231,-6.1,72.9623
8.96231,-6.1,73.0623
8.86231,-6.1,73.1623
8.76231,-6.1,73.2623
8.66231,-6.1,73.3623
8.56231,-6.1,73.4623
8.46231,-6.1,73.5623
8.36231,-6.1,73.6623
8.26231,-6.1,73.7623
8.16231,-6.1,73.8623
8.06231,-6.1,73.9623
7.96231,-6.1,74.0623
7.86231,-6.1,74.1623
7.76231,-6.1,74.2623
7.66231,-6.1,74.3623
7.56231,-6.1,74.4623
7.46231,-6.1,74.5623
7.36231,-6.1,74.6623
7.26231,-6.1,74.7623
7.16231,-6.1,74.8623
7.06231,-6.1,74.9623
6.96231,-6.1,75.0623
6.86231,-6.1,75.1623
6.76231,-6.1,75.2623
6.66231,-6.1,75.3623
6.56231,-6.1,75.4623
6.46231,-6.1,75.5623
6.36231,-6.1,75.6623
6.26231,-6.1,75.7623
6.16231,-6.1,75.8623
6.06231,-6.1,75.9623
5.96231,-6.1,76.0623
5.86231,-6.1,76.1623
5.76231,-6.1,76.2623
5.66231,-6.1,76.3623
5.56231,-6.1,76.4623
5.46231,-6.1,76.5623
5.36231,-6.1,76.6623
5.26231,-6.1,76.7623
5.16231,-6.1,76.8623
5.06231,-6.1,76.9623
4.96231,-6.1,77.0623
4.86231,-6.1,77.1623
4.76231,-6.1,77.2623
4.66231,-6.1,77.3623
4.56231,-6.1,77.4623
4.46231,-6.1,77.5623
4.36231,-6.1,77.6623
4.26231,-6.1,77.7623
4.16231,-6.1,77.8623
4.06231,-6.1,77.9623
3.96231,-6.1,78.0623
3.86231,-6.1,78.1623
3.76231,-6.1,78.2623
3.66231,-6.1,78.3623
3.56231,-6.1,78.4623
3.46231,-6.1,78.5623
3.36231,-6.1,78.6623
3.26231,-6.1,78.7623
3.16231,-6.1,78.8623
3.06231,-6.1,78.9623
2.96231,-6.1,79.0623
2.86231,-6.1,79.1623
2.76231,-6.1,79.2623
2.66231,-6.1,79.3623
2.56231,-6.1,79.4623
2.46231,-6.1,79.5623
2.36231,-6.1,79.6623
2.26231,-6.1,79.7623
2.16231,-6.1,79.8623
2.06231,-6.1,79.9623
1.96231,-6.1,80.0623
1.86231,-6.1,80.1623
1.76231,-6.1,80.2623
1.66231,-6.1,80.3623
1.56231,-6.1,80.4623
1.46231,-6.1,80.5623
1.36231,-6.1,80.6623
1.26231,-6.1,80.7623
1.16231,-6.1,80.8623
1.06231,-6.1,80.9623
0.962313,-6.1,81.0623
0.862313,-6.1,81.1623
0.762313,-6.1,81.2623
0.662313,-6.1,81.3623
0.562313,-6.1,81.4623
0.462313,-6.1,81.5623
0.362313,-6.1,81.6623
0.262313,-6.1,81.7623
0.162313,-6.1,81.8623
0.062313,-6.1,81.9623
-0.037687,-6.1,82.0623
-0.137687,-6.1,82.1623
-0.237687,-6.1,82.2623
-0.337687,-6.1,82.3623
-0.437687,-6.1,82.4623
-0.537687,-6.1,82.5623
-0.637687,-6.1,82.6623
-0.737687,-6.1,82.7623
-0.837687,-6.1,82.8623
-0.937687,-6.1,82.9623
-1.03769,-6.1,83.0623
-1.13769,-6.1,83.1623
-1.23769,-6.1,83.2623
-1.33769,-6.1,83.3623
-1.43769,-6.1,83.4623
-1.53769,-6.1,83.5623
-1.63769,-6.1,83.6623
-1.73769,-6.1,83.7623
-1.83769,-6.1,83.8623
-1.93769,-6.1,83.9623
-2.03769,-6.1,84.0623
-2.13769,-6.1,84.1623
-2.23769,-6.1,84.2623
-2.33769,-6.1,84.3623
-2.43769,-6.1,84.4623
-2.53769,-6.1,84.5623
-2.63769,-6.1,84.6623
-2.73769,-6.1,84.7623
-2.83769,-6.1,84.8623
-2.93769,-6.1,84.9623
-3.03769,-6.1,85.0623
-3.13769,-6.1,85.1623
-3.23769,-6.1,85.2623
-3.33769,-6.1,85.3623
-3.43769,-6.1,85.4623
-3.53769,-6.1,85.5623
-3.63769,-6.1,85.6623
-3.73769,-6.1,85.7623
-3.83769,-6.1,85.8623
-3.93769,-6.1,85.9623
-4.03769,-6.1,86.0623
-4.13769,-6.1,86.1623
-4.23769,-6.1,86.2623
-4.33769,-6.1,86.3623
-4.43769,-6.1,86.4623
-4.53769,-6.1,86.5623
-4.63769,-6.1,86.6623
-4.73769,-6.1,86.7623
-4.83769,-6.1,86.8623
-4.93769,-6.1,86.9623
-5.03769,-6.1,87.0623
-5.13769,-6.1,87.1623
-5.23769,-6.1,87.2623
-5.33769,-6.1,87.3623
-5.43769,-6.1,87.4623
-5.53769,-6.1,87.5623
-5.63769,-6.1,87.6623
-5.73769,-6.1,87.7623
-5.83769,-6.1,87.8623
-5.93769,-6.1,87.9623
-6.03769,-6.1,88.0623
-6.03769,-6,88.1623
-6.03769,-5.9,88.2623
-6.03769,-5.8,88.3623
-6.03769,-5.7,88.4623
-6.03769,-5.6,88.5623
-6.03769,-5.5,88.6623
-6.03769,-5.4,88.7623
-6.03769,-5.3,88.8623
-6.03769,-5.2,88.9623
-6.03769,-5.1,89.0623
-6.03769,-5,89.1623
-6.03769,-4.9,89.2623
-6.03769,-4.8,89.3623
-6.03769,-4.7,89.4623
-6.03769,-4.6,89.5623
-6.03769,-4.5,89.6623
-6.03769,-4.4,89.7623
-6.03769,-4.3,89.8623
-6.03769,-4.2,89.9623
-6.03769,-4.1,90.0623
-6.03769,-4,90.1623
-6.03769,-3.9,90.2623
-6.03769,-3.8,90.3623
-6.03769,-3.7,90.4623
-6.03769,-3.6,90.5623
-6.03769,-3.5,90.6623
-6.03769,-3.4,90.7623
-6.03769,-3.3,90.8623
-6.03769,-3.2,90.9623
-6.03769,-3.1,91.0623
-6.03769,-3,91.1623
-6.03769,-2.9,91.2623
-6.03769,-2.8,91.3623
-6.03769,-2.7,91.4623
-6.03769,-2.6,91.5623
-6.03769,-2.5,91.6623
-6.03769,-2.4,91.7623
-6.03769,-2.3,91.8623
-6.03769,-2.2,91.9623
-6.03769,-2.1,92.0623
-6.03769,-2,92.1623
-6.03769,-1.9,92.2623
-6.03769,-1.8,92.3623
-6.03769,-1.7,92.4623
-6.03769,-1.6,92.5623
-6.03769,-1.5,92.6623
-6.03769,-1.4,92.7623
-6.03769,-1.3,92.8623
-6.03769,-1.2,92.9623
-6.03769,-1.1,93.0623
-6.03769,-1,93.1623
-6.03769,-0.9,93.2623
-6.03769,-0.8,93.3623
-6.03769,-0.7,93.4623
-6.03769,-0.6,93.5623
-6.03769,-0.5,93.6623
-6.03769,-0.4,93.7623
-6.03769,-0.3,93.8623
-6.03769,-0.2,93.9623
-6.03769,-0.1,94.0623
-6.03769,6.38378e-016,94.1623
-6.03769,0.1,94.2623
-6.03769,0.2,94.3623
-6.03769,0.3,94.4623
-6.03769,0.4,94.5623
-6.03769,0.5,94.6623
-6.03769,0.6,94.7623
-6.03769,0.7,94.8623
-6.03769,0.8,94.9623
-6.03769,0.9,95.0623
-6.03769,1,95.1623
-6.03769,1.1,95.2623
-6.03769,1.2,95.3623
-6.03769,1.3,95.4623
-6.03769,1.4,95.5623
-6.03769,1.5,95.6623
-6.03769,1.6,95.7623
-6.03769,1.7,95.8623
-6.03769,1.8,95.9623
-6.03769,1.9,96.0623
-6.03769,2,96.1623
-6.03769,2.1,96.2623
-6.03769,2.2,96.3623
-6.03769,2.3,96.4623
-6.03769,2.4,96.5623
-6.03769,2.5,96.6623
-6.03769,2.6,96.7623
-6.03769,2.7,96.8623
-6.03769,2.8,96.9623
-6.03769,2.9,97.0623
-6.03769,3,97.1623
-6.03769,3.1,97.2623
-6.03769,3.2,97.3623
-6.03769,3.3,97.4623
-6.03769,3.4,97.5623
-6.03769,3.5,97.6623
-6.03769,3.6,97.7623
-6.03769,3.7,97.8623
-6.03769,3.8,97.9623
-6.03769,3.9,98.0623
-6.03769,4,98.1623
-6.03769,4.1,98.2623
-6.03769,4.2,98.3623
-6.03769,4.3,98.4623
-6.03769,4.4,98.5623
-6.03769,4.5,98.6623
-6.03769,4.6,98.7623
-6.03769,4.7,98.8623
-6.03769,4.8,98.9623
-6.03769,4.9,99.0623
-6.03769,5,99.1623
-6.03769,5.1,99.2623
-6.03769,5.2,99.3623
-6.03769,5.3,99.4623
-6.03769,5.4,99.5623
-6.03769,5.5,99.6623
-6.03769,5.6,99.7623
-6.03769,5.7,99.8623
-6.03769,5.8,99.9623
-6.03769,5.9,100.062
-6.03769,6,100.162
-6.03769,6.1,100.262
-5.93769,6.1,100.362
-5.83769,6.1,100.462
-5.73769,6.1,100.562
-5.63769,6.1,100.662
-5.53769,6.1,100.762
-5.43769,6.1,100.862
-5.33769,6.1,100.962
-5.23769,6.1,101.062
-5.13769,6.1,101.162
-5.03769,6.1,101.262
-4.93769,6.1,101.362
-4.83769,6.1,101.462
-4.73769,6.1,101.562
-4.63769,6.1,101.662
-4.53769,6.1,101.762
-4.43769,6.1,101.862
-4.33769,6.1,101.962
-4.23769,6.1,102.062
-4.13769,6.1,102.162
-4.03769,6.1,102.262
-3.93769,6.1,102.362
-3.83769,6.1,102.462
-3.73769,6.1,102.562
-3.63769,6.1,102.662
-3.53769,6.1,102.762
-3.43769,6.1,102.862
-3.33769,6.1,102.962
-3.23769,6.1,103.062
-3.13769,6.1,103.162
-3.03769,6.1,103.262
-2.93769,6.1,103.362
-2.83769,6.1,103.462
-2.73769,6.1,103.562
-2.63769,6.1,103.662
-2.53769,6.1,103.762
-2.43769,6.1,103.862
-2.33769,6.1,103.962
-2.23769,6.1,104.062
-2.13769,6.1,104.162
-2.03769,6.1,104.262
-1.93769,6.1,104.362
-1.83769,6.1,104.462
-1.73769,6.1,104.562
-1.63769,6.1,104.662
-1.53769,6.1,104.762
-1.43769,6.1,104.862
-1.33769,6.1,104.962
-1.23769,6.1,105.062
-1.13769,6.1,105.162
-1.03769,6.1,105.262
-0.937687,6.1,105.362
-0.837687,6.1,105.462
-0.737687,6.1,105.562
-0.637687,6.1,105.662
-0.537687,6.1,105.762
-0.437687,6.1,105.862
-0.337687,6.1,105.962
-0.237687,6.1,106.062
-0.137687,6.1,106.162
-0.037687,6.1,106.262
0.062313,6.1,106.362
0.162313,6.1,106.462
0.262313,6.1,106.562
0.362313,6.1,106.662
0.462313,6.1,106.762
0.562313,6.1,106.862
0.662313,6.1,106.962
0.762313,6.1,107.062
0.862313,6.1,107.162
0.962313,6.1,107.262
1.06231,6.1,107.362
1.16231,6.1,107.462
1.26231,6.1,107.562
1.36231,6.1,107.662
1.46231,6.1,107.762
1.56231,6.1,107.862
1.66231,6.1,107.962
1.76231,6.1,108.062
1.86231,6.1,108.162
1.96231,6.1,108.262
2.06231,6.1,108.362
2.16231,6.1,108.462
2.26231,6.1,108.562
2.36231,6.1,108.662
2.46231,6.1,108.762
2.56231,6.1,108.862
2.66231,6.1,108.962
2.76231,6.1,109.062
2.86231,6.1,109.162
2.96231,6.1,109.262
3.06231,6.1,109.362
3.16231,6.1,109.462
3.26231,6.1,109.562
3.36231,6.1,109.662
3.46231,6.1,109.762
3.56231,6.1,109.862
3.66231,6.1,109.962
3.76231,6.1,110.062
3.86231,6.1,110.162
3.96231,6.1,110.262
4.06231,6.1,110.362
4.16231,6.1,110.462
4.26231,6.1,110.562
4.36231,6.1,110.662
4.46231,6.1,110.762
4.56231,6.1,110.862
4.66231,6.1,110.962
4.76231,6.1,111.062
4.86231,6.1,111.162
4.96231,6.1,111.262
5.06231,6.1,111.362
5.16231,6.1,111.462
5.26231,6.1,111.562
5.36231,6.1,111.662
5.46231,6.1,111.762
5.56231,6.1,111.862
5.66231,6.1,111.962
5.76231,6.1,112.062
5.86231,6.1,112.162
5.96231,6.1,112.262
6.06231,6.1,112.362
6.16231,6.1,112.462
6.26231,6.1,112.562
6.36231,6.1,112.662
6.46231,6.1,112.762
6.56231,6.1,112.862
6.66231,6.1,112.962
6.76231,6.1,113.062
6.86231,6.1,113.162
6.96231,6.1,113.262
7.06231,6.1,113.362
7.16231,6.1,113.462
7.26231,6.1,113.562
7.36231,6.1,113.662
7.46231,6.1,113.762
7.56231,6.1,113.862
7.66231,6.1,113.962
7.76231,6.1,114.062
7.86231,6.1,114.162
7.96231,6.1,114.262
8.06231,6.1,114.362
8.16231,6.1,114.462
8.26231,6.1,114.562
8.36231,6.1,114.662
8.46231,6.1,114.762
8.56231,6.1,114.862
8.66231,6.1,114.962
8.76231,6.1,115.062
8.86231,6.1,115.162
8.96231,6.1,115.262
9.06231,6.1,115.362
9.16231,6.1,115.462
9.26231,6.1,115.562
9.36231,6.1,115.662
9.46231,6.1,115.762
9.56231,6.1,115.862
9.66231,6.1,115.962
9.76231,6.1,116.062
9.86231,6.1,116.162
9.96231,6.1,116.262
10.0623,6.1,116.362
10.1623,6.1,116.462
10.2623,6.1,116.562
10.3623,6.1,116.662
10.4623,6.1,116.762
10.5623,6.1,116.862
10.6623,6.1,116.962
10.7623,6.1,117.062
10.8623,6.1,117.162
10.9623,6.1,117.262
11.0623,6.1,117.362
11.1623,6.1,117.462
11.2623,6.1,117.562
11.3623,6.1,117.662
11.4623,6.1,117.762
11.5623,6.1,117.862
11.6623,6.1,117.962
11.7623,6.1,118.062
11.8623,6.1,118.162
11.9623,6.1,118.262
12.0623,6.1,118.362
12.1623,6.1,118.462
12.2623,6.1,118.562
12.3623,6.1,118.662
12.4623,6.1,118.762
12.5623,6.1,118.862
12.6623,6.1,118.962
12.7623,6.1,119.062
12.8623,6.1,119.162
12.9623,6.1,119.262
13.0623,6.1,119.362
13.1623,6.1,119.462
13.2623,6.1,119.562
13.3623,6.1,119.662
13.4623,6.1,119.762
13.5623,6.1,119.862
13.6623,6.1,119.962
13.7623,6.1,120.062
13.8623,6.1,120.162
13.9623,6.1,120.262
14.0623,6.1,120.362
14.1623,6.1,120.462
14.2623,6.1,120.562
14.3623,6.1,120.662
14.4623,6.1,120.762
14.5623,6.1,120.862
14.6623,6.1,120.962
14.7623,6.1,121.062
14.8623,6.1,121.162
14.9623,6.1,121.262
15.0623,6.1,121.362
15.1623,6.1,121.462
15.2623,6.1,121.562
15.3623,6.1,121.662
15.4623,6.1,121.762
15.5623,6.1,121.862
15.6623,6.1,121.962
15.7623,6.1,122.062
15.8623,6.1,122.162
15.9623,6.1,122.262
16.0623,6.1,122.362
16.1623,6.1,122.462
16.2623,6.1,122.562
16.3623,6.1,122.662
16.4623,6.1,122.762
16.5623,6.1,122.862
16.6623,6.1,122.962
16.7623,6.1,123.062
16.8623,6.1,123.162
16.9623,6.1,123.262
17.0623,6.1,123.362
17.1623,6.1,123.462
17.2623,6.1,123.562
17.3623,6.1,123.662
17.4623,6.1,123.762
17.5623,6.1,123.862
17.6623,6.1,123.962
17.7623,6.1,124.062
17.8623,6.1,124.162
17.9623,6.1,124.262
18.0623,6.1,124.362
18.1623,6.1,124.462
18.2623,6.1,124.562
18.3623,6.1,124.662
18.4623,6.1,124.762
18.5623,6.1,124.862
18.6623,6.1,124.962
18.7623,6.1,125.062
18.8623,6.1,125.162
18.9623,6.1,125.262
19.0623,6.1,125.362
19.1623,6.1,125.462
19.2623,6.1,125.562
19.3623,6.1,125.662
19.4623,6.1,125.762
19.5623,6.1,125.862
19.6623,6.1,125.962
19.7623,6.1,126.062
19.8623,6.1,126.162
19.9623,6.1,126.262
20.0623,6.1,126.362
20.1623,6.1,126.462
20.2623,6.1,126.562
20.3623,6.1,126.662
20.4623,6.1,126.762
20.5623,6.1,126.862
20.6623,6.1,126.962
20.7623,6.1,127.062
20.8623,6.1,127.162
20.9623,6.1,127.262
21.0623,6.1,127.362
21.1623,6.1,127.462
21.2623,6.1,127.562
21.3623,6.1,127.662
21.4623,6.1,127.762
21.5623,6.1,127.862
21.6623,6.1,127.962
21.7623,6.1,128.062
21.8623,6.1,128.162
21.9623,6.1,128.262
22.0623,6.1,128.362
22.1623,6.1,128.462
22.2623,6.1,128.562
22.3623,6.1,128.662
22.4623,6.1,128.762
22.5623,6.1,128.862
22.6623,6.1,128.962
22.7623,6.1,129.062
22.8623,6.1,129.162
22.9623,6.1,129.262
23.0623,6.1,129.362
23.1623,6.1,129.462
23.2623,6.1,129.562
23.3623,6.1,129.662
23.4623,6.1,129.762
23.5623,6.1,129.862
23.6623,6.1,129.962
23.7623,6.1,130.062
23.8623,6.1,130.162
23.9623,6.1,130.262
24.0623,6.1,130.362
24.1623,6.1,130.462
24.2623,6.1,130.562
24.3623,6.1,130.662
24.4623,6.1,130.762
24.5623,6.1,130.862
24.6623,6.1,130.962
24.7623,6.1,131.062
24.8623,6.1,131.162
24.9623,6.1,131.262
25.0623,6.1,131.362
25.1623,6.1,131.462
25.2623,6.1,131.562
25.3623,6.1,131.662
25.4623,6.1,131.762
25.5623,6.1,131.862
25.6623,6.1,131.962
25.7623,6.1,132.062
25.8623,6.1,132.162
25.9623,6.1,132.262
26.0623,6.1,132.362
26.1623,6.1,132.462
26.2623,6.1,132.562
26.3623,6.1,132.662
26.4623,6.1,132.762
26.5623,6.1,132.862
26.6623,6.1,132.962
26.7623,6.1,133.062
26.8623,6.1,133.162
26.9623,6.1,133.262
27.0623,6.1,133.362
27.1623,6.1,133.462
27.2623,6.1,133.562
27.3623,6.1,133.662
27.4623,6.1,133.762
27.5623,6.1,133.862
27.6623,6.1,133.962
27.7623,6.1,134.062
27.8623,6.1,134.162
27.9623,6.1,134.262
28.0623,6.1,134.362
28.1623,6.1,134.462
28.2623,6.1,134.562
28.3623,6.1,134.662
28.4623,6.1,134.762
28.5623,6.1,134.862
28.6623,6.1,134.962
28.7623,6.1,135.062
28.8623,6.1,135.162
28.9623,6.1,135.262
29.0623,6.1,135.362
29.1623,6.1,135.462
29.2623,6.1,135.562
29.3623,6.1,135.662
29.4623,6.1,135.762
29.5623,6.1,135.862
29.6623,6.1,135.962
29.7623,6.1,136.062
29.8623,6.1,136.162
29.9623,6.1,136.262
30.0623,6.1,136.362
30.0623,6,136.462
30.0623,5.9,136.562
30.0623,5.8,136.662
30.0623,5.7,136.762
30.0623,5.6,136.862
30.0623,5.5,136.962
30.0623,5.4,137.062
30.0623,5.3,137.162
30.0623,5.2,137.262
30.0623,5.1,137.362
30.0623,5,137.462
30.0623,4.9,137.562
30.0623,4.8,137.662
30.0623,4.7,137.762
30.0623,4.6,137.862
30.0623,4.5,137.962
30.0623,4.4,138.062
30.0623,4.3,138.162
30.0623,4.2,138.262
30.0623,4.1,138.362
30.0623,4,138.462
30.0623,3.9,138.562
30.0623,3.8,138.662
30.0623,3.7,138.762
30.0623,3.6,138.862
30.0623,3.5,138.962
30.0623,3.4,139.062
30.0623,3.3,139.162
30.0623,3.2,139.262
30.0623,3.1,139.362
30.0623,3,139.462
30.0623,2.9,139.562
30.0623,2.8,139.662
30.0623,2.7,139.762
30.0623,2.6,139.862
30.0623,2.5,139.962
30.0623,2.4,140.062
30.0623,2.3,140.162
30.0623,2.2,140.262
30.0623,2.1,140.362
30.0623,2,140.462
30.0623,1.9,140.562
30.0623,1.8,140.662
30.0623,1.7,140.762
30.0623,1.6,140.862
30.0623,1.5,140.962
30.0623,1.4,141.062
30.0623,1.3,141.162
30.0623,1.2,141.262
30.0623,1.1,141.362
30.0623,1,141.462
30.0623,0.9,141.562
30.0623,0.8,141.662
30.0623,0.7,141.762
30.0623,0.6,141.862
30.0623,0.5,141.962
30.0623,0.4,142.062
30.0623,0.3,142.162
30.0623,0.2,142.262
30.0623,0.1,142.362
30.0623,1.38778e-016,142.462
30.0623,-0.1,142.562
29.9623,-0.1,142.662
29.8623,-0.1,142.762
29.7623,-0.1,142.862
29.6623,-0.1,142.962
29.5623,-0.1,143.062
29.4623,-0.1,143.162
29.3623,-0.1,143.262
29.2623,-0.1,143.362
29.1623,-0.1,143.462
29.0623,-0.1,143.562
28.9623,-0.1,143.662
28.9623,1.38778e-016,143.762
28.9623,0.1,143.862
28.9623,0.2,143.962
28.9623,0.3,144.062
28.9623,0.4,144.162
28.9623,0.5,144.262
28.9623,0.6,144.362
28.9623,0.7,144.462
28.9623,0.8,144.562
28.9623,0.9,144.662
28.9623,1,144.762
28.9623,1.1,144.862
28.9623,1.2,144.962
28.9623,1.3,145.062
28.9623,1.4,145.162
28.9623,1.5,145.262
28.9623,1.6,145.362
28.9623,1.7,145.462
28.9623,1.8,145.562
28.9623,1.9,145.662
28.9623,2,145.762
28.9623,2.1,145.862
28.9623,2.2,145.962
28.9623,2.3,146.062
28.9623,2.4,146.162
28.9623,2.5,146.262
28.9623,2.6,146.362
28.9623,2.7,146.462
28.9623,2.8,146.562
28.9623,2.9,146.662
28.9623,3,146.762
28.9623,3.1,146.862
28.9623,3.2,146.962
28.9623,3.3,147.062
28.9623,3.4,147.162
28.9623,3.5,147.262
28.9623,3.6,147.362
28.9623,3.7,147.462
28.9623,3.8,147.562
28.9623,3.9,147.662
28.9623,4,147.762
28.9623,4.1,147.862
28.9623,4.2,147.962
28.9623,4.3,148.062
28.9623,4.4,148.162
28.9623,4.5,148.262
28.9623,4.6,148.362
28.9623,4.7,148.462
28.9623,4.8,148.562
28.8623,4.8,148.662
28.7623,4.8,148.762
28.6623,4.8,148.862
28.5623,4.8,148.962
28.4623,4.8,149.062
28.3623,4.8,149.162
28.2623,4.8,149.262
28.1623,4.8,149.362
28.0623,4.8,149.462
27.9623,4.8,149.562
27.8623,4.8,149.662
27.7623,4.8,149.762
27.6623,4.8,149.862
27.5623,4.8,149.962
27.4623,4.8,150.062
27.3623,4.8,150.162
27.2623,4.8,150.262
27.1623,4.8,150.362
27.0623,4.8,150.462
26.9623,4.8,150.562
26.8623,4.8,150.662
26.7623,4.8,150.762
26.6623,4.8,150.862
26.5623,4.8,150.962
26.4623,4.8,151.062
26.3623,4.8,151.162
26.2623,4.8,151.262
26.1623,4.8,151.362
26.0623,4.8,151.462
25.9623,4.8,151.562
25.8623,4.8,151.662
25.7623,4.8,151.762
25.6623,4.8,151.862
25.5623,4.8,151.962
25.4623,4.8,152.062
25.3623,4.8,152.162
25.2623,4.8,152.262
25.1623,4.8,152.362
25.0623,4.8,152.462
24.9623,4.8,152.562
24.8623,4.8,152.662
24.7623,4.8,152.762
24.6623,4.8,152.862
24.5623,4.8,152.962
24.4623,4.8,153.062
24.3623,4.8,153.162
24.2623,4.8,153.262
24.1623,4.8,153.362
24.0623,4.8,153.462
23.9623,4.8,153.562
23.8623,4.8,153.662
23.7623,4.8,153.762
23.6623,4.8,153.862
23.5623,4.8,153.962
23.4623,4.8,154.062
23.3623,4.8,154.162
23.2623,4.8,154.262
23.1623,4.8,154.362
23.0623,4.8,154.462
22.9623,4.8,154.562
22.8623,4.8,154.662
22.7623,4.8,154.762
22.6623,4.8,154.862
22.5623,4.8,154.962
22.4623,4.8,155.062
22.3623,4.8,155.162
22.2623,4.8,155.262
22.1623,4.8,155.362
22.0623,4.8,155.462
21.9623,4.8,155.562
21.8623,4.8,155.662
21.7623,4.8,155.762
21.6623,4.8,155.862
21.5623,4.8,155.962
21.4623,4.8,156.062
21.3623,4.8,156.162
21.2623,4.8,156.262
21.1623,4.8,156.362
21.0623,4.8,156.462
20.9623,4.8,156.562
20.8623,4.8,156.662
20.7623,4.8,156.762
20.6623,4.8,156.862
20.5623,4.8,156.962
20.4623,4.8,157.062
20.3623,4.8,157.162
20.2623,4.8,157.262
20.1623,4.8,157.362
20.1623,4.7,157.462
20.1623,4.6,157.562
20.1623,4.5,157.662
20.1623,4.4,157.762
20.1623,4.3,157.862
20.1623,4.2,157.962
20.1623,4.1,158.062
20.1623,4,158.162
20.1623,3.9,158.262
20.1623,3.8,158.362
20.1623,3.7,158.462
20.1623,3.6,158.562
20.1623,3.5,158.662
20.1623,3.4,158.762
20.1623,3.3,158.862
20.1623,3.2,158.962
20.1623,3.1,159.062
20.1623,3,159.162
20.1623,2.9,159.262
20.1623,2.8,159.362
20.1623,2.7,159.462
20.1623,2.6,159.562
20.1623,2.5,159.662
20.1623,2.4,159.762
20.1623,2.3,159.862
20.1623,2.2,159.962
20.1623,2.1,160.062
20.1623,2,160.162
20.1623,1.9,160.262
20.1623,1.8,160.362
20.1623,1.7,160.462
20.1623,1.6,160.562
20.1623,1.5,160.662
20.1623,1.4,160.762
20.1623,1.3,160.862
20.1623,1.2,160.962
20.1623,1.1,161.062
20.1623,1,161.162
20.1623,0.9,161.262
20.1623,0.8,161.362
20.1623,0.7,161.462
20.1623,0.6,161.562
20.1623,0.5,161.662
20.1623,0.4,161.762
20.1623,0.3,161.862
20.1623,0.2,161.962
20.1623,0.1,162.062
20.1623,1.38778e-016,162.162
20.1623,-0.1,162.262
20.0623,-0.1,162.362
19.9623,-0.1,162.462
19.8623,-0.1,162.562
19.7623,-0.1,162.662
19.6623,-0.1,162.762
19.5623,-0.1,162.862
19.4623,-0.1,162.962
19.3623,-0.1,163.062
19.2623,-0.1,163.162
19.1623,-0.1,163.262
19.0623,-0.1,163.362
18.9623,-0.1,163.462
18.9623,1.38778e-016,163.562
18.9623,0.1,163.662
18.9623,0.2,163.762
18.9623,0.3,163.862
18.9623,0.4,163.962
18.9623,0.5,164.062
18.9623,0.6,164.162
18.9623,0.7,164.262
18.9623,0.8,164.362
18.9623,0.9,164.462
18.9623,1,164.562
18.9623,1.1,164.662
18.9623,1.2,164.762
18.9623,1.3,164.862
18.9623,1.4,164.962
18.9623,1.5,165.062
18.9623,1.6,165.162
18.9623,1.7,165.262
18.9623,1.8,165.362
18.9623,1.9,165.462
18.9623,2,165.562
18.9623,2.1,165.662
18.9623,2.2,165.762
18.9623,2.3,165.862
18.9623,2.4,165.962
18.9623,2.5,166.062
18.9623,2.6,166.162
18.9623,2.7,166.262
18.9623,2.8,166.362
18.9623,2.9,166.462
18.9623,3,166.562
18.9623,3.1,166.662
18.9623,3.2,166.762
18.9623,3.3,166.862
18.9623,3.4,166.962
18.9623,3.5,167.062
18.9623,3.6,167.162
18.9623,3.7,167.262
18.9623,3.8,167.362
18.9623,3.9,167.462
18.9623,4,167.562
18.9623,4.1,167.662
18.9623,4.2,167.762
18.9623,4.3,167.862
18.9623,4.4,167.962
18.9623,4.5,168.062
18.9623,4.6,168.162
18.9623,4.7,168.262
18.9623,4.8,168.362
18.8623,4.8,168.462
18.7623,4.8,168.562
18.6623,4.8,168.662
18.5623,4.8,168.762
18.4623,4.8,168.862
18.3623,4.8,168.962
18.2623,4.8,169.062
18.1623,4.8,169.162
18.0623,4.8,169.262
17.9623,4.8,169.362
17.8623,4.8,169.462
17.7623,4.8,169.562
17.6623,4.8,169.662
17.5623,4.8,169.762
17.4623,4.8,169.862
17.3623,4.8,169.962
17.2623,4.8,170.062
17.1623,4.8,170.162
17.0623,4.8,170.262
16.9623,4.8,170.362
16.8623,4.8,170.462
16.7623,4.8,170.562
16.6623,4.8,170.662
16.5623,4.8,170.762
16.4623,4.8,170.862
16.3623,4.8,170.962
16.2623,4.8,171.062
16.1623,4.8,171.162
16.0623,4.8,171.262
15.9623,4.8,171.362
15.8623,4.8,171.462
15.7623,4.8,171.562
15.6623,4.8,171.662
15.5623,4.8,171.762
15.4623,4.8,171.862
15.3623,4.8,171.962
15.2623,4.8,172.062
15.1623,4.8,172.162
15.0623,4.8,172.262
14.9623,4.8,172.362
14.8623,4.8,172.462
14.7623,4.8,172.562
14.6623,4.8,172.662
14.5623,4.8,172.762
14.4623,4.8,172.862
14.3623,4.8,172.962
14.2623,4.8,173.062
14.1623,4.8,173.162
14.0623,4.8,173.262
13.9623,4.8,173.362
13.8623,4.8,173.462
13.7623,4.8,173.562
13.6623,4.8,173.662
13.5623,4.8,173.762
13.4623,4.8,173.862
13.3623,4.8,173.962
13.2623,4.8,174.062
13.1623,4.8,174.162
13.0623,4.8,174.262
12.9623,4.8,174.362
12.8623,4.8,174.462
12.7623,4.8,174.562
12.6623,4.8,174.662
12.5623,4.8,174.762
12.4623,4.8,174.862
12.3623,4.8,174.962
12.2623,4.8,175.062
12.1623,4.8,175.162
12.0623,4.8,175.262
11.9623,4.8,175.362
11.8623,4.8,175.462
11.7623,4.8,175.562
11.6623,4.8,175.662
11.5623,4.8,175.762
11.4623,4.8,175.862
11.3623,4.8,175.962
11.2623,4.8,176.062
11.1623,4.8,176.162
11.0623,4.8,176.262
10.9623,4.8,176.362
10.8623,4.8,176.462
10.7623,4.8,176.562
10.6623,4.8,176.662
10.5623,4.8,176.762
10.4623,4.8,176.862
10.3623,4.8,176.962
10.2623,4.8,177.062
10.1623,4.8,177.162
10.1623,4.7,177.262
10.1623,4.6,177.362
10.1623,4.5,177.462
10.1623,4.4,177.562
10.1623,4.3,177.662
10.1623,4.2,177.762
10.1623,4.1,177.862
10.1623,4,177.962
10.1623,3.9,178.062
10.1623,3.8,178.162
10.1623,3.7,178.262
10.1623,3.6,178.362
10.1623,3.5,178.462
10.1623,3.4,178.562
10.1623,3.3,178.662
10.1623,3.2,178.762
10.1623,3.1,178.862
10.1623,3,178.962
10.1623,2.9,179.062
10.1623,2.8,179.162
10.1623,2.7,179.262
10.1623,2.6,179.362
10.1623,2.5,179.462
10.1623,2.4,179.562
10.1623,2.3,179.662
10.1623,2.2,179.762
10.1623,2.1,179.862
10.1623,2,179.962
10.1623,1.9,180.062
10.1623,1.8,180.162
10.1623,1.7,180.262
10.1623,1.6,180.362
10.1623,1.5,180.462
10.1623,1.4,180.562
10.1623,1.3,180.662
10.1623,1.2,180.762
10.1623,1.1,180.862
10.1623,1,180.962
10.1623,0.9,181.062
10.1623,0.8,181.162
10.1623,0.7,181.262
10.1623,0.6,181.362
10.1623,0.5,181.462
10.1623,0.4,181.562
10.1623,0.3,181.662
10.1623,0.2,181.762
10.1623,0.1,181.862
10.1623,1.38778e-016,181.962
10.1623,-0.1,182.062
10.0623,-0.1,182.162
9.96231,-0.1,182.262
9.86231,-0.1,182.362
9.76231,-0.1,182.462
9.66231,-0.1,182.562
9.56231,-0.1,182.662
9.46231,-0.1,182.762
9.36231,-0.1,182.862
9.26231,-0.1,182.962
9.16231,-0.1,183.062
9.06231,-0.1,183.162
8.96231,-0.1,183.262
8.96231,1.38778e-016,183.362
8.96231,0.1,183.462
8.96231,0.2,183.562
8.96231,0.3,183.662
8.96231,0.4,183.762
8.96231,0.5,183.862
8.96231,0.6,183.962
8.96231,0.7,184.062
8.96231,0.8,184.162
8.96231,0.9,184.262
8.96231,1,184.362
8.96231,1.1,184.462
8.96231,1.2,184.562
8.96231,1.3,184.662
8.96231,1.4,184.762
8.96231,1.5,184.862
8.96231,1.6,184.962
8.96231,1.7,185.062
8.96231,1.8,185.162
8.96231,1.9,185.262
8.96231,2,185.362
8.96231,2.1,185.462
8.96231,2.2,185.562
8.96231,2.3,185.662
8.96231,2.4,185.762
8.96231,2.5,185.862
8.96231,2.6,185.962
8.96231,2.7,186.062
8.96231,2.8,186.162
8.96231,2.9,186.262
8.96231,3,186.362
8.96231,3.1,186.462
8.96231,3.2,186.562
8.96231,3.3,186.662
8.96231,3.4,186.762
8.96231,3.5,186.862
8.96231,3.6,186.962
8.96231,3.7,187.062
8.96231,3.8,187.162
8.96231,3.9,187.262
8.96231,4,187.362
8.96231,4.1,187.462
8.96231,4.2,187.562
8.96231,4.3,187.662
8.96231,4.4,187.762
8.96231,4.5,187.862
8.96231,4.6,187.962
8.96231,4.7,188.062
8.96231,4.8,188.162
8.86231,4.8,188.262
8.76231,4.8,188.362
8.66231,4.8,188.462
8.56231,4.8,188.562
8.46231,4.8,188.662
8.36231,4.8,188.762
8.26231,4.8,188.862
8.16231,4.8,188.962
8.06231,4.8,189.062
7.96231,4.8,189.162
7.86231,4.8,189.262
7.76231,4.8,189.362
7.66231,4.8,189.462
7.56231,4.8,189.562
7.46231,4.8,189.662
7.36231,4.8,189.762
7.26231,4.8,189.862
7.16231,4.8,189.962
7.06231,4.8,190.062
6.96231,4.8,190.162
6.86231,4.8,190.262
6.76231,4.8,190.362
6.66231,4.8,190.462
6.56231,4.8,190.562
6.46231,4.8,190.662
6.36231,4.8,190.762
6.26231,4.8,190.862
6.16231,4.8,190.962
6.06231,4.8,191.062
5.96231,4.8,191.162
5.86231,4.8,191.262
5.76231,4.8,191.362
5.66231,4.8,191.462
5.56231,4.8,191.562
5.46231,4.8,191.662
5.36231,4.8,191.762
5.26231,4.8,191.862
5.16231,4.8,191.962
5.06231,4.8,192.062
4.96231,4.8,192.162
4.86231,4.8,192.262
4.76231,4.8,192.362
4.66231,4.8,192.462
4.56231,4.8,192.562
4.46231,4.8,192.662
4.36231,4.8,192.762
4.26231,4.8,192.862
4.16231,4.8,192.962
4.06231,4.8,193.062
3.96231,4.8,193.162
3.86231,4.8,193.262
3.76231,4.8,193.362
3.66231,4.8,193.462
3.56231,4.8,193.562
3.46231,4.8,193.662
3.36231,4.8,193.762
3.26231,4.8,193.862
3.16231,4.8,193.962
3.06231,4.8,194.062
2.96231,4.8,194.162
2.86231,4.8,194.262
2.76231,4.8,194.362
2.66231,4.8,194.462
2.56231,4.8,194.562
2.46231,4.8,194.662
2.36231,4.8,194.762
2.26231,4.8,194.862
2.16231,4.8,194.962
2.06231,4.8,195.062
1.96231,4.8,195.162
1.86231,4.8,195.262
1.76231,4.8,195.362
1.66231,4.8,195.462
1.56231,4.8,195.562
1.46231,4.8,195.662
1.36231,4.8,195.762
1.26231,4.8,195.862
1.16231,4.8,195.962
1.06231,4.8,196.062
0.962313,4.8,196.162
0.862313,4.8,196.262
0.762313,4.8,196.362
0.662313,4.8,196.462
0.562313,4.8,196.562
0.462313,4.8,196.662
0.362313,4.8,196.762
0.262313,4.8,196.862
0.162313,4.8,196.962
0.062313,4.8,197.062
-0.037687,4.8,197.162
-0.137687,4.8,197.262
-0.237687,4.8,197.362
-0.337687,4.8,197.462
-0.437687,4.8,197.562
-0.537687,4.8,197.662
-0.637687,4.8,197.762
-0.737687,4.8,197.862
-0.837687,4.8,197.962
-0.937687,4.8,198.062
-1.03769,4.8,198.162
-1.13769,4.8,198.262
-1.23769,4.8,198.362
-1.33769,4.8,198.462
-1.43769,4.8,198.562
-1.53769,4.8,198.662
-1.63769,4.8,198.762
-1.73769,4.8,198.862
-1.83769,4.8,198.962
-1.93769,4.8,199.062
-2.03769,4.8,199.162
-2.13769,4.8,199.262
-2.23769,4.8,199.362
-2.33769,4.8,199.462
-2.43769,4.8,199.562
-2.53769,4.8,199.662
-2.63769,4.8,199.762
-2.73769,4.8,199.862
-2.83769,4.8,199.962
-2.93769,4.8,200.062
-3.03769,4.8,200.162
-3.13769,4.8,200.262
-3.23769,4.8,200.362
-3.33769,4.8,200.462
-3.43769,4.8,200.562
-3.53769,4.8,200.662
-3.63769,4.8,200.762
-3.73769,4.8,200.862
-3.83769,4.8,200.962
-3.93769,4.8,201.062
-4.03769,4.8,201.162
-4.13769,4.8,201.262
-4.23769,4.8,201.362
-4.33769,4.8,201.462
-4.43769,4.8,201.562
-4.53769,4.8,201.662
-4.63769,4.8,201.762
-4.73769,4.8,201.862
-4.83769,4.8,201.962
-4.83769,4.7,202.062
-4.83769,4.6,202.162
-4.83769,4.5,202.262
-4.83769,4.4,202.362
-4.83769,4.3,202.462
-4.83769,4.2,202.562
-4.83769,4.1,202.662
-4.83769,4,202.762
-4.83769,3.9,202.862
-4.83769,3.8,202.962
-4.83769,3.7,203.062
-4.83769,3.6,203.162
-4.83769,3.5,203.262
-4.83769,3.4,203.362
-4.83769,3.3,203.462
-4.83769,3.2,203.562
-4.83769,3.1,203.662
-4.83769,3,203.762
-4.83769,2.9,203.862
-4.83769,2.8,203.962
-4.83769,2.7,204.062
-4.83769,2.6,204.162
-4.83769,2.5,204.262
-4.83769,2.4,204.362
-4.83769,2.3,204.462
-4.83769,2.2,204.562
-4.83769,2.1,204.662
-4.83769,2,204.762
-4.83769,1.9,204.862
-4.83769,1.8,204.962
-4.83769,1.7,205.062
-4.83769,1.6,205.162
-4.83769,1.5,205.262
-4.83769,1.4,205.362
-4.83769,1.3,205.462
-4.83769,1.2,205.562
-4.83769,1.1,205.662
-4.83769,1,205.762
-4.83769,0.9,205.862
-4.83769,0.8,205.962
-4.83769,0.7,206.062
-4.83769,0.6,206.162
-4.83769,0.5,206.262
-4.83769,0.4,206.362
-4.83769,0.3,206.462
-4.83769,0.2,206.562
-4.83769,0.1,206.662
-4.83769,1.38778e-016,206.762
-4.83769,-0.1,206.862
-4.83769,-0.2,206.962
-4.83769,-0.3,207.062
-4.83769,-0.4,207.162
-4.83769,-0.5,207.262
-4.83769,-0.6,207.362
-4.83769,-0.7,207.462
-4.83769,-0.8,207.562
-4.83769,-0.9,207.662
-4.83769,-1,207.762
-4.83769,-1.1,207.862
-4.83769,-1.2,207.962
-4.83769,-1.3,208.062
-4.83769,-1.4,208.162
-4.83769,-1.5,208.262
-4.83769,-1.6,208.362
-4.83769,-1.7,208.462
-4.83769,-1.8,208.562
-4.83769,-1.9,208.662
-4.83769,-2,208.762
-4.83769,-2.1,208.862
-4.83769,-2.2,208.962
-4.83769,-2.3,209.062
-4.83769,-2.4,209.162
-4.83769,-2.5,209.262
-4.83769,-2.6,209.362
-4.83769,-2.7,209.462
-4.83769,-2.8,209.562
-4.83769,-2.9,209.662
-4.83769,-3,209.762
-4.83769,-3.1,209.862
-4.83769,-3.2,209.962
-4.83769,-3.3,210.062
-4.83769,-3.4,210.162
-4.83769,-3.5,210.262
-4.83769,-3.6,210.362
-4.83769,-3.7,210.462
-4.83769,-3.8,210.562
-4.83769,-3.9,210.662
-4.83769,-4,210.762
-4.83769,-4.1,210.862
-4.83769,-4.2,210.962
-4.83769,-4.3,211.062
-4.83769,-4.4,211.162
-4.83769,-4.5,211.262
-4.83769,-4.6,211.362
-4.83769,-4.7,211.462
-4.83769,-4.8,211.562
-4.83769,-4.9,211.662
-4.73769,-4.9,211.762
-4.63769,-4.9,211.862
-4.53769,-4.9,211.962
-4.43769,-4.9,212.062
-4.33769,-4.9,212.162
-4.23769,-4.9,212.262
-4.13769,-4.9,212.362
-4.03769,-4.9,212.462
-3.93769,-4.9,212.562
-3.83769,-4.9,212.662
-3.73769,-4.9,212.762
-3.63769,-4.9,212.862
-3.53769,-4.9,212.962
-3.43769,-4.9,213.062
-3.33769,-4.9,213.162
-3.23769,-4.9,213.262
-3.13769,-4.9,213.362
-3.03769,-4.9,213.462
-2.93769,-4.9,213.562
-2.83769,-4.9,213.662
-2.73769,-4.9,213.762
-2.63769,-4.9,213.862
-2.53769,-4.9,213.962
-2.43769,-4.9,214.062
-2.33769,-4.9,214.162
-2.23769,-4.9,214.262
-2.13769,-4.9,214.362
-2.03769,-4.9,214.462
-1.93769,-4.9,214.562
-1.83769,-4.9,214.662
-1.73769,-4.9,214.762
-1.63769,-4.9,214.862
-1.53769,-4.9,214.962
-1.43769,-4.9,215.062
-1.33769,-4.9,215.162
-1.23769,-4.9,215.262
-1.13769,-4.9,215.362
-1.03769,-4.9,215.462
-0.937687,-4.9,215.562
-0.837687,-4.9,215.662
-0.737687,-4.9,215.762
-0.637687,-4.9,215.862
-0.537687,-4.9,215.962
-0.437687,-4.9,216.062
-0.337687,-4.9,216.162
-0.237687,-4.9,216.262
-0.137687,-4.9,216.362
-0.037687,-4.9,216.462
0.062313,-4.9,216.562
0.162313,-4.9,216.662
0.262313,-4.9,216.762
0.362313,-4.9,216.862
0.462313,-4.9,216.962
0.562313,-4.9,217.062
0.662313,-4.9,217.162
0.762313,-4.9,217.262
0.862313,-4.9,217.362
0.962313,-4.9,217.462
1.06231,-4.9,217.562
1.16231,-4.9,217.662
1.26231,-4.9,217.762
1.36231,-4.9,217.862
1.46231,-4.9,217.962
1.56231,-4.9,218.062
1.66231,-4.9,218.162
1.76231,-4.9,218.262
1.86231,-4.9,218.362
1.96231,-4.9,218.462
2.06231,-4.9,218.562
2.16231,-4.9,218.662
2.26231,-4.9,218.762
2.36231,-4.9,218.862
2.46231,-4.9,218.962
2.56231,-4.9,219.062
2.66231,-4.9,219.162
2.76231,-4.9,219.262
2.86231,-4.9,219.362
2.96231,-4.9,219.462
3.06231,-4.9,219.562
3.16231,-4.9,219.662
3.26231,-4.9,219.762
3.36231,-4.9,219.862
3.46231,-4.9,219.962
3.56231,-4.9,220.062
3.66231,-4.9,220.162
3.76231,-4.9,220.262
3.86231,-4.9,220.362
3.86231,-4.8,220.462
3.86231,-4.7,220.562
3.86231,-4.6,220.662
3.86231,-4.5,220.762
3.86231,-4.4,220.862
3.86231,-4.3,220.962
3.86231,-4.2,221.062
3.86231,-4.1,221.162
3.86231,-4,221.262
3.86231,-3.9,221.362
3.86231,-3.8,221.462
3.86231,-3.7,221.562
3.86231,-3.6,221.662
3.86231,-3.5,221.762
3.86231,-3.4,221.862
3.86231,-3.3,221.962
3.86231,-3.2,222.062
3.86231,-3.1,222.162
3.86231,-3,222.262
3.86231,-2.9,222.362
3.86231,-2.8,222.462
3.86231,-2.7,222.562
3.86231,-2.6,222.662
3.86231,-2.5,222.762
3.86231,-2.4,222.862
3.86231,-2.3,222.962
3.86231,-2.2,223.062
3.86231,-2.1,223.162
3.86231,-2,223.262
3.86231,-1.9,223.362
3.86231,-1.8,223.462
3.86231,-1.7,223.562
3.86231,-1.6,223.662
3.86231,-1.5,223.762
3.86231,-1.4,223.862
3.86231,-1.3,223.962
3.86231,-1.2,224.062
3.86231,-1.1,224.162
3.86231,-1,224.262
3.86231,-0.9,224.362
3.86231,-0.8,224.462
3.86231,-0.7,224.562
3.86231,-0.6,224.662
3.86231,-0.5,224.762
3.86231,-0.4,224.862
3.86231,-0.3,224.962
3.86231,-0.2,225.062
3.86231,-0.1,225.162
3.96231,0,225.304
3.96231,0.1,225.404
3.96231,0.2,225.504
3.96231,0.3,225.604
3.96231,0.4,225.704
3.96231,0.5,225.804
3.96231,0.6,225.904
3.96231,0.7,226.004
3.96231,0.8,226.104
3.96231,0.9,226.204
3.96231,1,226.304
3.96231,1.1,226.404
4.06231,1.1,226.504
4.16231,1.1,226.604
4.26231,1.1,226.704
4.36231,1.1,226.804
4.46231,1.1,226.904
4.56231,1.1,227.004
4.66231,1.1,227.104
4.76231,1.1,227.204
4.86231,1.1,227.304
4.96231,1.1,227.404
5.06231,1.1,227.504
5.06231,1,227.604
5.06231,0.9,227.704
5.06231,0.8,227.804
5.06231,0.7,227.904
5.06231,0.6,228.004
5.06231,0.5,228.104
5.06231,0.4,228.204
5.06231,0.3,228.304
5.06231,0.2,228.404
5.06231,0.1,228.504
5.06231,2.77556e-017,228.604
5.06231,-0.1,228.704
5.06231,-0.2,228.804
5.06231,-0.3,228.904
5.06231,-0.4,229.004
5.06231,-0.5,229.104
5.06231,-0.6,229.204
5.06231,-0.7,229.304
5.06231,-0.8,229.404
5.06231,-0.9,229.504
5.06231,-1,229.604
5.06231,-1.1,229.704
5.06231,-1.2,229.804
5.06231,-1.3,229.904
5.06231,-1.4,230.004
5.06231,-1.5,230.104
5.06231,-1.6,230.204
5.06231,-1.7,230.304
5.06231,-1.8,230.404
5.06231,-1.9,230.504
5.06231,-2,230.604
5.06231,-2.1,230.704
5.06231,-2.2,230.804
5.06231,-2.3,230.904
5.06231,-2.4,231.004
5.06231,-2.5,231.104
5.06231,-2.6,231.204
5.06231,-2.7,231.304
5.06231,-2.8,231.404
5.06231,-2.9,231.504
5.06231,-3,231.604
5.06231,-3.1,231.704
5.06231,-3.2,231.804
5.06231,-3.3,231.904
5.06231,-3.4,232.004
5.06231,-3.5,232.104
5.06231,-3.6,232.204
5.06231,-3.7,232.304
5.06231,-3.8,232.404
5.06231,-3.9,232.504
5.06231,-4,232.604
5.06231,-4.1,232.704
5.06231,-4.2,232.804
5.06231,-4.3,232.904
5.06231,-4.4,233.004
5.06231,-4.5,233.104
5.06231,-4.6,233.204
5.06231,-4.7,233.304
5.06231,-4.8,233.404
5.06231,-4.9,233.504
5.16231,-4.9,233.604
5.26231,-4.9,233.704
5.36231,-4.9,233.804
5.46231,-4.9,233.904
5.56231,-4.9,234.004
5.66231,-4.9,234.104
5.76231,-4.9,234.204
5.86231,-4.9,234.304
5.96231,-4.9,234.404
6.06231,-4.9,234.504
6.16231,-4.9,234.604
6.26231,-4.9,234.704
6.36231,-4.9,234.804
6.46231,-4.9,234.904
6.56231,-4.9,235.004
6.66231,-4.9,235.104
6.76231,-4.9,235.204
6.86231,-4.9,235.304
6.96231,-4.9,235.404
7.06231,-4.9,235.504
7.16231,-4.9,235.604
7.26231,-4.9,235.704
7.36231,-4.9,235.804
7.46231,-4.9,235.904
7.56231,-4.9,236.004
7.66231,-4.9,236.104
7.76231,-4.9,236.204
7.86231,-4.9,236.304
7.96231,-4.9,236.404
8.06231,-4.9,236.504
8.16231,-4.9,236.604
8.26231,-4.9,236.704
8.36231,-4.9,236.804
8.46231,-4.9,236.904
8.56231,-4.9,237.004
8.66231,-4.9,237.104
8.76231,-4.9,237.204
8.86231,-4.9,237.304
8.96231,-4.9,237.404
9.06231,-4.9,237.504
9.16231,-4.9,237.604
9.26231,-4.9,237.704
9.36231,-4.9,237.804
9.46231,-4.9,237.904
9.56231,-4.9,238.004
9.66231,-4.9,238.104
9.76231,-4.9,238.204
9.86231,-4.9,238.304
9.96231,-4.9,238.404
10.0623,-4.9,238.504
10.1623,-4.9,238.604
10.2623,-4.9,238.704
10.3623,-4.9,238.804
10.4623,-4.9,238.904
10.5623,-4.9,239.004
10.6623,-4.9,239.104
10.7623,-4.9,239.204
10.8623,-4.9,239.304
10.9623,-4.9,239.404
11.0623,-4.9,239.504
11.1623,-4.9,239.604
11.2623,-4.9,239.704
11.3623,-4.9,239.804
11.4623,-4.9,239.904
11.5623,-4.9,240.004
11.6623,-4.9,240.104
11.7623,-4.9,240.204
11.8623,-4.9,240.304
11.9623,-4.9,240.404
12.0623,-4.9,240.504
12.1623,-4.9,240.604
12.2623,-4.9,240.704
12.3623,-4.9,240.804
12.4623,-4.9,240.904
12.5623,-4.9,241.004
12.6623,-4.9,241.104
12.7623,-4.9,241.204
12.8623,-4.9,241.304
12.9623,-4.9,241.404
13.0623,-4.9,241.504
13.1623,-4.9,241.604
13.2623,-4.9,241.704
13.3623,-4.9,241.804
13.4623,-4.9,241.904
13.5623,-4.9,242.004
13.6623,-4.9,242.104
13.7623,-4.9,242.204
13.8623,-4.9,242.304
13.8623,-4.8,242.404
13.8623,-4.7,242.504
13.8623,-4.6,242.604
13.8623,-4.5,242.704
13.8623,-4.4,242.804
13.8623,-4.3,242.904
13.8623,-4.2,243.004
13.8623,-4.1,243.104
13.8623,-4,243.204
13.8623,-3.9,243.304
13.8623,-3.8,243.404
13.8623,-3.7,243.504
13.8623,-3.6,243.604
13.8623,-3.5,243.704
13.8623,-3.4,243.804
13.8623,-3.3,243.904
13.8623,-3.2,244.004
13.8623,-3.1,244.104
13.8623,-3,244.204
13.8623,-2.9,244.304
13.8623,-2.8,244.404
13.8623,-2.7,244.504
13.8623,-2.6,244.604
13.8623,-2.5,244.704
13.8623,-2.4,244.804
13.8623,-2.3,244.904
13.8623,-2.2,245.004
13.8623,-2.1,245.104
13.8623,-2,245.204
13.8623,-1.9,245.304
13.8623,-1.8,245.404
13.8623,-1.7,245.504
13.8623,-1.6,245.604
13.8623,-1.5,245.704
13.8623,-1.4,245.804
13.8623,-1.3,245.904
13.8623,-1.2,246.004
13.8623,-1.1,246.104
13.8623,-1,246.204
13.8623,-0.9,246.304
13.8623,-0.8,246.404
13.8623,-0.7,246.504
13.8623,-0.6,246.604
13.8623,-0.5,246.704
13.8623,-0.4,246.804
13.8623,-0.3,246.904
13.8623,-0.2,247.004
13.8623,-0.1,247.104
13.8623,6.38378e-016,247.204
13.8623,0.1,247.304
13.8623,0.2,247.404
13.8623,0.3,247.504
13.8623,0.4,247.604
13.8623,0.5,247.704
13.8623,0.6,247.804
13.8623,0.7,247.904
13.8623,0.8,248.004
13.8623,0.9,248.104
13.8623,1,248.204
13.9623,1,248.304
14.0623,1,248.404
14.1623,1,248.504
14.2623,1,248.604
14.3623,1,248.704
14.4623,1,248.804
14.5623,1,248.904
14.6623,1,249.004
14.7623,1,249.104
14.8623,1,249.204
14.9623,1,249.304
15.0623,1,249.404
15.0623,0.9,249.504
15.0623,0.8,249.604
15.0623,0.7,249.704
15.0623,0.6,249.804
15.0623,0.5,249.904
15.0623,0.4,250.004
15.0623,0.3,250.104
15.0623,0.2,250.204
15.0623,0.1,250.304
15.0623,8.04912e-016,250.404
15.0623,-0.1,250.504
15.0623,-0.2,250.604
15.0623,-0.3,250.704
15.0623,-0.4,250.804
15.0623,-0.5,250.904
15.0623,-0.6,251.004
15.0623,-0.7,251.104
15.0623,-0.8,251.204
15.0623,-0.9,251.304
15.0623,-1,251.404
15.0623,-1.1,251.504
15.0623,-1.2,251.604
15.0623,-1.3,251.704
15.0623,-1.4,251.804
15.0623,-1.5,251.904
15.0623,-1.6,252.004
15.0623,-1.7,252.104
15.0623,-1.8,252.204
15.0623,-1.9,252.304
15.0623,-2,252.404
15.0623,-2.1,252.504
15.0623,-2.2,252.604
15.0623,-2.3,252.704
15.0623,-2.4,252.804
15.0623,-2.5,252.904
15.0623,-2.6,253.004
15.0623,-2.7,253.104
15.0623,-2.8,253.204
15.0623,-2.9,253.304
15.0623,-3,253.404
15.0623,-3.1,253.504
15.0623,-3.2,253.604
15.0623,-3.3,253.704
15.0623,-3.4,253.804
15.0623,-3.5,253.904
15.0623,-3.6,254.004
15.0623,-3.7,254.104
15.0623,-3.8,254.204
15.0623,-3.9,254.304
15.0623,-4,254.404
15.0623,-4.1,254.504
15.0623,-4.2,254.604
15.0623,-4.3,254.704
15.0623,-4.4,254.804
15.0623,-4.5,254.904
15.0623,-4.6,255.004
15.0623,-4.7,255.104
15.0623,-4.8,255.204
15.0623,-4.9,255.304
15.1623,-4.9,255.404
15.2623,-4.9,255.504
15.3623,-4.9,255.604
15.4623,-4.9,255.704
15.5623,-4.9,255.804
15.6623,-4.9,255.904
15.7623,-4.9,256.004
15.8623,-4.9,256.104
15.9623,-4.9,256.204
16.0623,-4.9,256.304
16.1623,-4.9,256.404
16.2623,-4.9,256.504
16.3623,-4.9,256.604
16.4623,-4.9,256.704
16.5623,-4.9,256.804
16.6623,-4.9,256.904
16.7623,-4.9,257.004
16.8623,-4.9,257.104
16.9623,-4.9,257.204
17.0623,-4.9,257.304
17.1623,-4.9,257.404
17.2623,-4.9,257.504
17.3623,-4.9,257.604
17.4623,-4.9,257.704
17.5623,-4.9,257.804
17.6623,-4.9,257.904
17.7623,-4.9,258.004
17.8623,-4.9,258.104
17.9623,-4.9,258.204
18.0623,-4.9,258.304
18.1623,-4.9,258.404
18.2623,-4.9,258.504
18.3623,-4.9,258.604
18.4623,-4.9,258.704
18.5623,-4.9,258.804
18.6623,-4.9,258.904
18.7623,-4.9,259.004
18.8623,-4.9,259.104
18.9623,-4.9,259.204
19.0623,-4.9,259.304
19.1623,-4.9,259.404
19.2623,-4.9,259.504
19.3623,-4.9,259.604
19.4623,-4.9,259.704
19.5623,-4.9,259.804
19.6623,-4.9,259.904
19.7623,-4.9,260.004
19.8623,-4.9,260.104
19.9623,-4.9,260.204
20.0623,-4.9,260.304
20.1623,-4.9,260.404
20.2623,-4.9,260.504
20.3623,-4.9,260.604
20.4623,-4.9,260.704
20.5623,-4.9,260.804
20.6623,-4.9,260.904
20.7623,-4.9,261.004
20.8623,-4.9,261.104
20.9623,-4.9,261.204
21.0623,-4.9,261.304
21.1623,-4.9,261.404
21.2623,-4.9,261.504
21.3623,-4.9,261.604
21.4623,-4.9,261.704
21.5623,-4.9,261.804
21.6623,-4.9,261.904
21.7623,-4.9,262.004
21.8623,-4.9,262.104
21.9623,-4.9,262.204
22.0623,-4.9,262.304
22.1623,-4.9,262.404
22.2623,-4.9,262.504
22.3623,-4.9,262.604
22.4623,-4.9,262.704
22.5623,-4.9,262.804
22.6623,-4.9,262.904
22.7623,-4.9,263.004
22.8623,-4.9,263.104
22.9623,-4.9,263.204
23.0623,-4.9,263.304
23.1623,-4.9,263.404
23.2623,-4.9,263.504
23.3623,-4.9,263.604
23.4623,-4.9,263.704
23.5623,-4.9,263.804
23.6623,-4.9,263.904
23.7623,-4.9,264.004
23.8623,-4.9,264.104
23.8623,-4.8,264.204
23.8623,-4.7,264.304
23.8623,-4.6,264.404
23.8623,-4.5,264.504
23.8623,-4.4,264.604
23.8623,-4.3,264.704
23.8623,-4.2,264.804
23.8623,-4.1,264.904
23.8623,-4,265.004
23.8623,-3.9,265.104
23.8623,-3.8,265.204
23.8623,-3.7,265.304
23.8623,-3.6,265.404
23.8623,-3.5,265.504
23.8623,-3.4,265.604
23.8623,-3.3,265.704
23.8623,-3.2,265.804
23.8623,-3.1,265.904
23.8623,-3,266.004
23.8623,-2.9,266.104
23.8623,-2.8,266.204
23.8623,-2.7,266.304
23.8623,-2.6,266.404
23.8623,-2.5,266.504
23.8623,-2.4,266.604
23.8623,-2.3,266.704
23.8623,-2.2,266.804
23.8623,-2.1,266.904
23.8623,-2,267.004
23.8623,-1.9,267.104
23.8623,-1.8,267.204
23.8623,-1.7,267.304
23.8623,-1.6,267.404
23.8623,-1.5,267.504
23.8623,-1.4,267.604
23.8623,-1.3,267.704
23.8623,-1.2,267.804
23.8623,-1.1,267.904
23.8623,-1,268.004
23.8623,-0.9,268.104
23.8623,-0.8,268.204
23.8623,-0.7,268.304
23.8623,-0.6,268.404
23.8623,-0.5,268.504
23.8623,-0.4,268.604
23.8623,-0.3,268.704
23.8623,-0.2,268.804
23.8623,-0.1,268.904
23.8623,6.38378e-016,269.004
23.8623,0.1,269.104
23.8623,0.2,269.204
23.8623,0.3,269.304
23.8623,0.4,269.404
23.8623,0.5,269.504
23.8623,0.6,269.604
23.8623,0.7,269.704
23.8623,0.8,269.804
23.8623,0.9,269.904
23.8623,1,270.004
23.9623,1,270.104
24.0623,1,270.204
24.1623,1,270.304
24.2623,1,270.404
24.3623,1,270.504
24.4623,1,270.604
24.5623,1,270.704
24.6623,1,270.804
24.7623,1,270.904
24.8623,1,271.004
24.9623,1,271.104
25.0623,1,271.204
25.0623,0.9,271.304
25.0623,0.8,271.404
25.0623,0.7,271.504
25.0623,0.6,271.604
25.0623,0.5,271.704
25.0623,0.4,271.804
25.0623,0.3,271.904
25.0623,0.2,272.004
25.0623,0.1,272.104
25.0623,8.04912e-016,272.204
25.0623,-0.1,272.304
25.0623,-0.2,272.404
25.0623,-0.3,272.504
25.0623,-0.4,272.604
25.0623,-0.5,272.704
25.0623,-0.6,272.804
25.0623,-0.7,272.904
25.0623,-0.8,273.004
25.0623,-0.9,273.104
25.0623,-1,273.204
25.0623,-1.1,273.304
25.0623,-1.2,273.404
25.0623,-1.3,273.504
25.0623,-1.4,273.604
25.0623,-1.5,273.704
25.0623,-1.6,273.804
25.0623,-1.7,273.904
25.0623,-1.8,274.004
25.0623,-1.9,274.104
25.0623,-2,274.204
25.0623,-2.1,274.304
25.0623,-2.2,274.404
25.0623,-2.3,274.504
25.0623,-2.4,274.604
25.0623,-2.5,274.704
25.0623,-2.6,274.804
25.0623,-2.7,274.904
25.0623,-2.8,275.004
25.0623,-2.9,275.104
25.0623,-3,275.204
25.0623,-3.1,275.304
25.0623,-3.2,275.404
25.0623,-3.3,275.504
25.0623,-3.4,275.604
25.0623,-3.5,275.704
25.0623,-3.6,275.804
25.0623,-3.7,275.904
25.0623,-3.8,276.004
25.0623,-3.9,276.104
25.0623,-4,276.204
25.0623,-4.1,276.304
25.0623,-4.2,276.404
25.0623,-4.3,276.504
25.0623,-4.4,276.604
25.0623,-4.5,276.704
25.0623,-4.6,276.804
25.0623,-4.7,276.904
25.0623,-4.8,277.004
25.0623,-4.9,277.104
25.0623,-5,277.204
25.0623,-5.1,277.304
25.0623,-5.2,277.404
25.0623,-5.3,277.504
25.0623,-5.4,277.604
25.0623,-5.5,277.704
25.0623,-5.6,277.804
25.0623,-5.7,277.904
25.0623,-5.8,278.004
25.0623,-5.9,278.104
25.0623,-6,278.204
25.0623,-6.1,278.304
24.9623,-6.1,278.404
24.8623,-6.1,278.504
24.7623,-6.1,278.604
24.6623,-6.1,278.704
24.5623,-6.1,278.804
24.4623,-6.1,278.904
24.3623,-6.1,279.004
24.2623,-6.1,279.104
24.1623,-6.1,279.204
24.0623,-6.1,279.304
23.9623,-6.1,279.404
23.8623,-6.1,279.504
23.7623,-6.1,279.604
23.6623,-6.1,279.704
23.5623,-6.1,279.804
23.4623,-6.1,279.904
23.3623,-6.1,280.004
23.2623,-6.1,280.104
23.1623,-6.1,280.204
23.0623,-6.1,280.304
22.9623,-6.1,280.404
22.8623,-6.1,280.504
22.7623,-6.1,280.604
22.6623,-6.1,280.704
22.5623,-6.1,280.804
22.4623,-6.1,280.904
22.3623,-6.1,281.004
22.2623,-6.1,281.104
22.1623,-6.1,281.204
22.0623,-6.1,281.304
21.9623,-6.1,281.404
21.8623,-6.1,281.504
21.7623,-6.1,281.604
21.6623,-6.1,281.704
21.5623,-6.1,281.804
21.4623,-6.1,281.904
21.3623,-6.1,282.004
21.2623,-6.1,282.104
21.1623,-6.1,282.204
21.0623,-6.1,282.304
20.9623,-6.1,282.404
20.8623,-6.1,282.504
20.7623,-6.1,282.604
20.6623,-6.1,282.704
20.5623,-6.1,282.804
20.4623,-6.1,282.904
20.3623,-6.1,283.004
20.2623,-6.1,283.104
20.1623,-6.1,283.204
20.0623,-6.1,283.304
19.9623,-6.1,283.404
19.8623,-6.1,283.504
19.7623,-6.1,283.604
19.6623,-6.1,283.704
19.5623,-6.1,283.804
19.4623,-6.1,283.904
19.3623,-6.1,284.004
19.2623,-6.1,284.104
19.1623,-6.1,284.204
19.0623,-6.1,284.304
18.9623,-6.1,284.404
18.8623,-6.1,284.504
18.7623,-6.1,284.604
18.6623,-6.1,284.704
18.5623,-6.1,284.804
18.4623,-6.1,284.904
18.3623,-6.1,285.004
18.2623,-6.1,285.104
18.1623,-6.1,285.204
18.0623,-6.1,285.304
17.9623,-6.1,285.404
17.8623,-6.1,285.504
17.7623,-6.1,285.604
17.6623,-6.1,285.704
17.5623,-6.1,285.804
17.4623,-6.1,285.904
17.3623,-6.1,286.004
17.2623,-6.1,286.104
17.1623,-6.1,286.204
17.0623,-6.1,286.304
16.9623,-6.1,286.404
16.8623,-6.1,286.504
16.7623,-6.1,286.604
16.6623,-6.1,286.704
16.5623,-6.1,286.804
16.4623,-6.1,286.904
16.3623,-6.1,287.004
16.2623,-6.1,287.104
16.1623,-6.1,287.204
16.0623,-6.1,287.304
15.9623,-6.1,287.404
15.8623,-6.1,287.504
15.7623,-6.1,287.604
15.6623,-6.1,287.704
15.5623,-6.1,287.804
15.4623,-6.1,287.904
15.3623,-6.1,288.004
15.2623,-6.1,288.104
15.1623,-6.1,288.204
15.0623,-6.1,288.304
14.9623,-6.1,288.404
14.8623,-6.1,288.504
14.7623,-6.1,288.604
14.6623,-6.1,288.704
14.5623,-6.1,288.804
14.4623,-6.1,288.904
14.3623,-6.1,289.004
14.2623,-6.1,289.104
14.1623,-6.1,289.204
14.0623,-6.1,289.304
13.9623,-6.1,289.404
13.8623,-6.1,289.504
13.7623,-6.1,289.604
13.6623,-6.1,289.704
13.5623,-6.1,289.804
13.4623,-6.1,289.904
13.3623,-6.1,290.004
13.2623,-6.1,290.104
13.1623,-6.1,290.204
13.0623,-6.1,290.304
12.9623,-6.1,290.404
12.8623,-6.1,290.504
12.7623,-6.1,290.604
12.6623,-6.1,290.704
12.5623,-6.1,290.804
12.4623,-6.1,290.904
12.3623,-6.1,291.004
12.2623,-6.1,291.104
12.1623,-6.1,291.204
12.0623,-6.1,291.304
11.9623,-6.1,291.404
11.8623,-6.1,291.504
11.7623,-6.1,291.604
11.6623,-6.1,291.704
11.5623,-6.1,291.804
11.4623,-6.1,291.904
11.3623,-6.1,292.004
11.2623,-6.1,292.104
11.1623,-6.1,292.204
11.0623,-6.1,292.304
10.9623,-6.1,292.404
10.8623,-6.1,292.504
10.7623,-6.1,292.604
10.6623,-6.1,292.704
10.5623,-6.1,292.804
10.4623,-6.1,292.904
10.3623,-6.1,293.004
10.2623,-6.1,293.104
10.1623,-6.1,293.204
10.0623,-6.1,293.304
9.96231,-6.1,293.404
9.86231,-6.1,293.504
9.76231,-6.1,293.604
9.66231,-6.1,293.704
9.56231,-6.1,293.804
9.46231,-6.1,293.904
9.36231,-6.1,294.004
9.26231,-6.1,294.104
9.16231,-6.1,294.204
9.06231,-6.1,294.304
8.96231,-6.1,294.404
8.86231,-6.1,294.504
8.76231,-6.1,294.604
8.66231,-6.1,294.704
8.56231,-6.1,294.804
8.46231,-6.1,294.904
8.36231,-6.1,295.004
8.26231,-6.1,295.104
8.16231,-6.1,295.204
8.06231,-6.1,295.304
7.96231,-6.1,295.404
7.86231,-6.1,295.504
7.76231,-6.1,295.604
7.66231,-6.1,295.704
7.56231,-6.1,295.804
7.46231,-6.1,295.904
7.36231,-6.1,296.004
7.26231,-6.1,296.104
7.16231,-6.1,296.204
7.06231,-6.1,296.304
6.96231,-6.1,296.404
6.86231,-6.1,296.504
6.76231,-6.1,296.604
6.66231,-6.1,296.704
6.56231,-6.1,296.804
6.46231,-6.1,296.904
6.36231,-6.1,297.004
6.26231,-6.1,297.104
6.16231,-6.1,297.204
6.06231,-6.1,297.304
5.96231,-6.1,297.404
5.86231,-6.1,297.504
5.76231,-6.1,297.604
5.66231,-6.1,297.704
5.56231,-6.1,297.804
5.46231,-6.1,297.904
5.36231,-6.1,298.004
5.26231,-6.1,298.104
5.16231,-6.1,298.204
5.06231,-6.1,298.304
4.96231,-6.1,298.404
4.86231,-6.1,298.504
4.76231,-6.1,298.604
4.66231,-6.1,298.704
4.56231,-6.1,298.804
4.46231,-6.1,298.904
4.36231,-6.1,299.004
4.26231,-6.1,299.104
4.16231,-6.1,299.204
4.06231,-6.1,299.304
3.96231,-6.1,299.404
3.86231,-6.1,299.504
3.76231,-6.1,299.604
3.66231,-6.1,299.704
3.56231,-6.1,299.804
3.46231,-6.1,299.904
3.36231,-6.1,300.004
3.26231,-6.1,300.104
3.16231,-6.1,300.204
3.06231,-6.1,300.304
2.96231,-6.1,300.404
2.86231,-6.1,300.504
2.76231,-6.1,300.604
2.66231,-6.1,300.704
2.56231,-6.1,300.804
2.46231,-6.1,300.904
2.36231,-6.1,301.004
2.26231,-6.1,301.104
2.16231,-6.1,301.204
2.06231,-6.1,301.304
1.96231,-6.1,301.404
1.86231,-6.1,301.504
1.76231,-6.1,301.604
1.66231,-6.1,301.704
1.56231,-6.1,301.804
1.46231,-6.1,301.904
1.36231,-6.1,302.004
1.26231,-6.1,302.104
1.16231,-6.1,302.204
1.06231,-6.1,302.304
0.962313,-6.1,302.404
0.862313,-6.1,302.504
0.762313,-6.1,302.604
0.662313,-6.1,302.704
0.562313,-6.1,302.804
0.462313,-6.1,302.904
0.362313,-6.1,303.004
0.262313,-6.1,303.104
0.162313,-6.1,303.204
0.062313,-6.1,303.304
-0.037687,-6.1,303.404
-0.137687,-6.1,303.504
-0.237687,-6.1,303.604
-0.337687,-6.1,303.704
-0.437687,-6.1,303.804
-0.537687,-6.1,303.904
-0.637687,-6.1,304.004
-0.737687,-6.1,304.104
-0.837687,-6.1,304.204
-0.937687,-6.1,304.304
-1.03769,-6.1,304.404
-1.13769,-6.1,304.504
-1.23769,-6.1,304.604
-1.33769,-6.1,304.704
-1.43769,-6.1,304.804
-1.53769,-6.1,304.904
-1.63769,-6.1,305.004
-1.73769,-6.1,305.104
-1.83769,-6.1,305.204
-1.93769,-6.1,305.304
-2.03769,-6.1,305.404
-2.13769,-6.1,305.504
-2.23769,-6.1,305.604
-2.33769,-6.1,305.704
-2.43769,-6.1,305.804
-2.53769,-6.1,305.904
-2.63769,-6.1,306.004
-2.73769,-6.1,306.104
-2.83769,-6.1,306.204
-2.93769,-6.1,306.304
-3.03769,-6.1,306.404
-3.13769,-6.1,306.504
-3.23769,-6.1,306.604
-3.33769,-6.1,306.704
-3.43769,-6.1,306.804
-3.53769,-6.1,306.904
-3.63769,-6.1,307.004
-3.73769,-6.1,307.104
-3.83769,-6.1,307.204
-3.93769,-6.1,307.304
-4.03769,-6.1,307.404
-4.13769,-6.1,307.504
-4.23769,-6.1,307.604
-4.33769,-6.1,307.704
-4.43769,-6.1,307.804
-4.53769,-6.1,307.904
-4.63769,-6.1,308.004
-4.73769,-6.1,308.104
-4.83769,-6.1,308.204
-4.93769,-6.1,308.304
-5.03769,-6.1,308.404
-5.13769,-6.1,308.504
-5.23769,-6.1,308.604
-5.33769,-6.1,308.704
-5.43769,-6.1,308.804
-5.53769,-6.1,308.904
-5.63769,-6.1,309.004
-5.73769,-6.1,309.104
-5.83769,-6.1,309.204
-5.93769,-6.1,309.304
-6.03769,-6.1,309.404
-6.03769,-6,309.504
-6.03769,-5.9,309.604
-6.03769,-5.8,309.704
-6.03769,-5.7,309.804
-6.03769,-5.6,309.904
-6.03769,-5.5,310.004
-6.03769,-5.4,310.104
-6.03769,-5.3,310.204
-6.03769,-5.2,310.304
-6.03769,-5.1,310.404
-6.03769,-5,310.504
-6.03769,-4.9,310.604
-6.03769,-4.8,310.704
-6.03769,-4.7,310.804
-6.03769,-4.6,310.904
-6.03769,-4.5,311.004
-6.03769,-4.4,311.104
-6.03769,-4.3,311.204
-6.03769,-4.2,311.304
-6.03769,-4.1,311.404
-6.03769,-4,311.504
-6.03769,-3.9,311.604
-6.03769,-3.8,311.704
-6.03769,-3.7,311.804
-6.03769,-3.6,311.904
-6.03769,-3.5,312.004
-6.03769,-3.4,312.104
-6.03769,-3.3,312.204
-6.03769,-3.2,312.304
-6.03769,-3.1,312.404
-6.03769,-3,312.504
-6.03769,-2.9,312.604
-6.03769,-2.8,312.704
-6.03769,-2.7,312.804
-6.03769,-2.6,312.904
-6.03769,-2.5,313.004
-6.03769,-2.4,313.104
-6.03769,-2.3,313.204
-6.03769,-2.2,313.304
-6.03769,-2.1,313.404
-6.03769,-2,313.504
-6.03769,-1.9,313.604
-6.03769,-1.8,313.704
-6.03769,-1.7,313.804
-6.03769,-1.6,313.904
-6.03769,-1.5,314.004
-6.03769,-1.4,314.104
-6.03769,-1.3,314.204
-6.03769,-1.2,314.304
-6.03769,-1.1,314.404
-6.03769,-1,314.504
-6.03769,-0.9,314.604
-6.03769,-0.8,314.704
-6.03769,-0.7,314.804
-6.03769,-0.6,314.904
-6.03769,-0.5,315.004
-6.03769,-0.4,315.104
-6.03769,-0.3,315.204
-6.03769,-0.2,315.304
-6.03769,-0.1,315.404
-6.03769,6.38378e-016,315.504
-6.03769,0.1,315.604
-6.03769,0.2,315.704
-6.03769,0.3,315.804
-6.03769,0.4,315.904
-6.03769,0.5,316.004
-6.03769,0.6,316.104
-6.03769,0.7,316.204
-6.03769,0.8,316.304
-6.03769,0.9,316.404
-6.03769,1,316.504
-6.03769,1.1,316.604
-6.03769,1.2,316.704
-6.03769,1.3,316.804
-6.03769,1.4,316.904
-6.03769,1.5,317.004
-6.03769,1.6,317.104
-6.03769,1.7,317.204
-6.03769,1.8,317.304
-6.03769,1.9,317.404
-6.03769,2,317.504
-6.03769,2.1,317.604
-6.03769,2.2,317.704
-6.03769,2.3,317.804
-6.03769,2.4,317.904
-6.03769,2.5,318.004
-6.03769,2.6,318.104
-6.03769,2.7,318.204
-6.03769,2.8,318.304
-6.03769,2.9,318.404
-6.03769,3,318.504
-6.03769,3.1,318.604
-6.03769,3.2,318.704
-6.03769,3.3,318.804
-6.03769,3.4,318.904
-6.03769,3.5,319.004
-6.03769,3.6,319.104
-6.03769,3.7,319.204
-6.03769,3.8,319.304
-6.03769,3.9,319.404
-6.03769,4,319.504
-6.03769,4.1,319.604
-6.03769,4.2,319.704
-6.03769,4.3,319.804
-6.03769,4.4,319.904
-6.03769,4.5,320.004
-6.03769,4.6,320.104
-6.03769,4.7,320.204
-6.03769,4.8,320.304
-6.03769,4.9,320.404
-6.03769,5,320.504
-6.03769,5.1,320.604
-6.03769,5.2,320.704
-6.03769,5.3,320.804
-6.03769,5.4,320.904
-6.03769,5.5,321.004
-6.03769,5.6,321.104
-6.03769,5.7,321.204
-6.03769,5.8,321.304
-6.03769,5.9,321.404
-6.03769,6,321.504
-6.03769,6.1,321.604
-5.93769,6.1,321.704
-5.83769,6.1,321.804
-5.73769,6.1,321.904
-5.63769,6.1,322.004
-5.53769,6.1,322.104
-5.43769,6.1,322.204
-5.33769,6.1,322.304
-5.23769,6.1,322.404
-5.13769,6.1,322.504
-5.03769,6.1,322.604
-4.93769,6.1,322.704
-4.83769,6.1,322.804
-4.73769,6.1,322.904
-4.63769,6.1,323.004
-4.53769,6.1,323.104
-4.43769,6.1,323.204
-4.33769,6.1,323.304
-4.23769,6.1,323.404
-4.13769,6.1,323.504
-4.03769,6.1,323.604
-3.93769,6.1,323.704
-3.83769,6.1,323.804
-3.73769,6.1,323.904
-3.63769,6.1,324.004
-3.53769,6.1,324.104
-3.43769,6.1,324.204
-3.33769,6.1,324.304
-3.23769,6.1,324.404
-3.13769,6.1,324.504
-3.03769,6.1,324.604
-2.93769,6.1,324.704
-2.83769,6.1,324.804
-2.73769,6.1,324.904
-2.63769,6.1,325.004
-2.53769,6.1,325.104
-2.43769,6.1,325.204
-2.33769,6.1,325.304
-2.23769,6.1,325.404
-2.13769,6.1,325.504
-2.03769,6.1,325.604
-1.93769,6.1,325.704
-1.83769,6.1,325.804
-1.73769,6.1,325.904
-1.63769,6.1,326.004
-1.53769,6.1,326.104
-1.43769,6.1,326.204
-1.33769,6.1,326.304
-1.23769,6.1,326.404
-1.13769,6.1,326.504
-1.03769,6.1,326.604
-0.937687,6.1,326.704
-0.837687,6.1,326.804
-0.737687,6.1,326.904
-0.637687,6.1,327.004
-0.537687,6.1,327.104
-0.437687,6.1,327.204
-0.337687,6.1,327.304
-0.237687,6.1,327.404
-0.137687,6.1,327.504
-0.037687,6.1,327.604
0.062313,6.1,327.704
0.162313,6.1,327.804
0.262313,6.1,327.904
0.362313,6.1,328.004
0.462313,6.1,328.104
0.562313,6.1,328.204
0.662313,6.1,328.304
0.762313,6.1,328.404
0.862313,6.1,328.504
0.962313,6.1,328.604
1.06231,6.1,328.704
1.16231,6.1,328.804
1.26231,6.1,328.904
1.36231,6.1,329.004
1.46231,6.1,329.104
1.56231,6.1,329.204
1.66231,6.1,329.304
1.76231,6.1,329.404
1.86231,6.1,329.504
1.96231,6.1,329.604
2.06231,6.1,329.704
2.16231,6.1,329.804
2.26231,6.1,329.904
2.36231,6.1,330.004
2.46231,6.1,330.104
2.56231,6.1,330.204
2.66231,6.1,330.304
2.76231,6.1,330.404
2.86231,6.1,330.504
2.96231,6.1,330.604
3.06231,6.1,330.704
3.16231,6.1,330.804
3.26231,6.1,330.904
3.36231,6.1,331.004
3.46231,6.1,331.104
3.56231,6.1,331.204
3.66231,6.1,331.304
3.76231,6.1,331.404
3.86231,6.1,331.504
3.96231,6.1,331.604
4.06231,6.1,331.704
4.16231,6.1,331.804
4.26231,6.1,331.904
4.36231,6.1,332.004
4.46231,6.1,332.104
4.56231,6.1,332.204
4.66231,6.1,332.304
4.76231,6.1,332.404
4.86231,6.1,332.504
4.96231,6.1,332.604
5.06231,6.1,332.704
5.16231,6.1,332.804
5.26231,6.1,332.904
5.36231,6.1,333.004
5.46231,6.1,333.104
5.56231,6.1,333.204
5.66231,6.1,333.304
5.76231,6.1,333.404
5.86231,6.1,333.504
5.96231,6.1,333.604
6.06231,6.1,333.704
6.16231,6.1,333.804
6.26231,6.1,333.904
6.36231,6.1,334.004
6.46231,6.1,334.104
6.56231,6.1,334.204
6.66231,6.1,334.304
6.76231,6.1,334.404
6.86231,6.1,334.504
6.96231,6.1,334.604
7.06231,6.1,334.704
7.16231,6.1,334.804
7.26231,6.1,334.904
7.36231,6.1,335.004
7.46231,6.1,335.104
7.56231,6.1,335.204
7.66231,6.1,335.304
7.76231,6.1,335.404
7.86231,6.1,335.504
7.96231,6.1,335.604
8.06231,6.1,335.704
8.16231,6.1,335.804
8.26231,6.1,335.904
8.36231,6.1,336.004
8.46231,6.1,336.104
8.56231,6.1,336.204
8.66231,6.1,336.304
8.76231,6.1,336.404
8.86231,6.1,336.504
8.96231,6.1,336.604
9.06231,6.1,336.704
9.16231,6.1,336.804
9.26231,6.1,336.904
9.36231,6.1,337.004
9.46231,6.1,337.104
9.56231,6.1,337.204
9.66231,6.1,337.304
9.76231,6.1,337.404
9.86231,6.1,337.504
9.96231,6.1,337.604
10.0623,6.1,337.704
10.1623,6.1,337.804
10.2623,6.1,337.904
10.3623,6.1,338.004
10.4623,6.1,338.104
10.5623,6.1,338.204
10.6623,6.1,338.304
10.7623,6.1,338.404
10.8623,6.1,338.504
10.9623,6.1,338.604
11.0623,6.1,338.704
11.1623,6.1,338.804
11.2623,6.1,338.904
11.3623,6.1,339.004
11.4623,6.1,339.104
11.5623,6.1,339.204
11.6623,6.1,339.304
11.7623,6.1,339.404
11.8623,6.1,339.504
11.9623,6.1,339.604
12.0623,6.1,339.704
12.1623,6.1,339.804
12.2623,6.1,339.904
12.3623,6.1,340.004
12.4623,6.1,340.104
12.5623,6.1,340.204
12.6623,6.1,340.304
12.7623,6.1,340.404
12.8623,6.1,340.504
12.9623,6.1,340.604
13.0623,6.1,340.704
13.1623,6.1,340.804
13.2623,6.1,340.904
13.3623,6.1,341.004
13.4623,6.1,341.104
13.5623,6.1,341.204
13.6623,6.1,341.304
13.7623,6.1,341.404
13.8623,6.1,341.504
13.9623,6.1,341.604
14.0623,6.1,341.704
14.1623,6.1,341.804
14.2623,6.1,341.904
14.3623,6.1,342.004
14.4623,6.1,342.104
14.5623,6.1,342.204
14.6623,6.1,342.304
14.7623,6.1,342.404
14.8623,6.1,342.504
14.9623,6.1,342.604
15.0623,6.1,342.704
15.1623,6.1,342.804
15.2623,6.1,342.904
15.3623,6.1,343.004
15.4623,6.1,343.104
15.5623,6.1,343.204
15.6623,6.1,343.304
15.7623,6.1,343.404
15.8623,6.1,343.504
15.9623,6.1,343.604
16.0623,6.1,343.704
16.1623,6.1,343.804
16.2623,6.1,343.904
16.3623,6.1,344.004
16.4623,6.1,344.104
16.5623,6.1,344.204
16.6623,6.1,344.304
16.7623,6.1,344.404
16.8623,6.1,344.504
16.9623,6.1,344.604
17.0623,6.1,344.704
17.1623,6.1,344.804
17.2623,6.1,344.904
17.3623,6.1,345.004
17.4623,6.1,345.104
17.5623,6.1,345.204
17.6623,6.1,345.304
17.7623,6.1,345.404
17.8623,6.1,345.504
17.9623,6.1,345.604
18.0623,6.1,345.704
18.1623,6.1,345.804
18.2623,6.1,345.904
18.3623,6.1,346.004
18.4623,6.1,346.104
18.5623,6.1,346.204
18.6623,6.1,346.304
18.7623,6.1,346.404
18.8623,6.1,346.504
18.9623,6.1,346.604
19.0623,6.1,346.704
19.1623,6.1,346.804
19.2623,6.1,346.904
19.3623,6.1,347.004
19.4623,6.1,347.104
19.5623,6.1,347.204
19.6623,6.1,347.304
19.7623,6.1,347.404
19.8623,6.1,347.504
19.9623,6.1,347.604
20.0623,6.1,347.704
20.1623,6.1,347.804
20.2623,6.1,347.904
20.3623,6.1,348.004
20.4623,6.1,348.104
20.5623,6.1,348.204
20.6623,6.1,348.304
20.7623,6.1,348.404
20.8623,6.1,348.504
20.9623,6.1,348.604
21.0623,6.1,348.704
21.1623,6.1,348.804
21.2623,6.1,348.904
21.3623,6.1,349.004
21.4623,6.1,349.104
21.5623,6.1,349.204
21.6623,6.1,349.304
21.7623,6.1,349.404
21.8623,6.1,349.504
21.9623,6.1,349.604
22.0623,6.1,349.704
22.1623,6.1,349.804
22.2623,6.1,349.904
22.3623,6.1,350.004
22.4623,6.1,350.104
22.5623,6.1,350.204
22.6623,6.1,350.304
22.7623,6.1,350.404
22.8623,6.1,350.504
22.9623,6.1,350.604
23.0623,6.1,350.704
23.1623,6.1,350.804
23.2623,6.1,350.904
23.3623,6.1,351.004
23.4623,6.1,351.104
23.5623,6.1,351.204
23.6623,6.1,351.304
23.7623,6.1,351.404
23.8623,6.1,351.504
23.9623,6.1,351.604
24.0623,6.1,351.704
24.1623,6.1,351.804
24.2623,6.1,351.904
24.3623,6.1,352.004
24.4623,6.1,352.104
24.5623,6.1,352.204
24.6623,6.1,352.304
24.7623,6.1,352.404
24.8623,6.1,352.504
24.9623,6.1,352.604
25.0623,6.1,352.704
25.1623,6.1,352.804
25.2623,6.1,352.904
25.3623,6.1,353.004
25.4623,6.1,353.104
25.5623,6.1,353.204
25.6623,6.1,353.304
25.7623,6.1,353.404
25.8623,6.1,353.504
25.9623,6.1,353.604
26.0623,6.1,353.704
26.1623,6.1,353.804
26.2623,6.1,353.904
26.3623,6.1,354.004
26.4623,6.1,354.104
26.5623,6.1,354.204
26.6623,6.1,354.304
26.7623,6.1,354.404
26.8623,6.1,354.504
26.9623,6.1,354.604
27.0623,6.1,354.704
27.1623,6.1,354.804
27.2623,6.1,354.904
27.3623,6.1,355.004
27.4623,6.1,355.104
27.5623,6.1,355.204
27.6623,6.1,355.304
27.7623,6.1,355.404
27.8623,6.1,355.504
27.9623,6.1,355.604
28.0623,6.1,355.704
28.1623,6.1,355.804
28.2623,6.1,355.904
28.3623,6.1,356.004
28.4623,6.1,356.104
28.5623,6.1,356.204
28.6623,6.1,356.304
28.7623,6.1,356.404
28.8623,6.1,356.504
28.9623,6.1,356.604
29.0623,6.1,356.704
29.1623,6.1,356.804
29.2623,6.1,356.904
29.3623,6.1,357.004
29.4623,6.1,357.104
29.5623,6.1,357.204
29.6623,6.1,357.304
29.7623,6.1,357.404
29.8623,6.1,357.504
29.9623,6.1,357.604
30.0623,6.1,357.704
30.0623,6,357.804
30.0623,5.9,357.904
30.0623,5.8,358.004
30.0623,5.7,358.104
30.0623,5.6,358.204
30.0623,5.5,358.304
30.0623,5.4,358.404
30.0623,5.3,358.504
30.0623,5.2,358.604
30.0623,5.1,358.704
30.0623,5,358.804
30.0623,4.9,358.904
30.0623,4.8,359.004
30.0623,4.7,359.104
30.0623,4.6,359.204
30.0623,4.5,359.304
30.0623,4.4,359.404
30.0623,4.3,359.504
30.0623,4.2,359.604
30.0623,4.1,359.704
30.0623,4,359.804
30.0623,3.9,359.904
30.0623,3.8,360.004
30.0623,3.7,360.104
30.0623,3.6,360.204
30.0623,3.5,360.304
30.0623,3.4,360.404
30.0623,3.3,360.504
30.0623,3.2,360.604
30.0623,3.1,360.704
30.0623,3,360.804
30.0623,2.9,360.904
30.0623,2.8,361.004
30.0623,2.7,361.104
30.0623,2.6,361.204
30.0623,2.5,361.304
30.0623,2.4,361.404
30.0623,2.3,361.504
30.0623,2.2,361.604
30.0623,2.1,361.704
30.0623,2,361.804
30.0623,1.9,361.904
30.0623,1.8,362.004
30.0623,1.7,362.104
30.0623,1.6,362.204
30.0623,1.5,362.304
30.0623,1.4,362.404
30.0623,1.3,362.504
30.0623,1.2,362.604
30.0623,1.1,362.704
30.0623,1,362.804
30.0623,0.9,362.904
30.0623,0.8,363.004
30.0623,0.7,363.104
30.0623,0.6,363.204
30.0623,0.5,363.304
30.0623,0.4,363.404
30.0623,0.3,363.504
30.0623,0.2,363.604
30.0623,0.1,363.704
30.0623,0.1,363.704
30.0673,0.0999,363.709
30.0771,0.0997002,363.719
30.0919,0.0994011,363.733
30.1115,0.0990035,363.753
30.136,0.0985085,363.777
30.1651,0.0979174,363.807
30.199,0.097232,363.84
30.2374,0.0964541,363.879
30.2803,0.0955861,363.922
30.3275,0.0946302,363.969
30.3789,0.0935893,364.02
30.4343,0.0924662,364.076
30.4937,0.0912641,364.135
30.5568,0.0899864,364.198
30.6234,0.0886366,364.265
30.6934,0.0872185,364.335
30.7666,0.0857357,364.408
30.8428,0.0841925,364.484
30.9218,0.0825928,364.563
31.0034,0.080941,364.645
31.0873,0.0792412,364.729
31.1734,0.0774979,364.815
31.2614,0.0757155,364.903
31.3511,0.0738983,364.993
31.4424,0.0720508,365.084
31.5349,0.0701775,365.177
31.6284,0.0682827,365.27
31.7228,0.0663708,365.365
31.8179,0.0644461,365.46
31.9133,0.0625127,365.555
32.009,0.0605748,365.651
32.1047,0.0586364,365.747
32.2003,0.0567014,365.842
32.2955,0.0547735,365.937
32.3901,0.0528565,366.032
32.4841,0.0509536,366.126
32.5772,0.0490683,366.219
32.6692,0.0472037,366.311
32.7601,0.0453628,366.402
32.8497,0.0435483,366.492
32.9379,0.0417628,366.58
33.0245,0.0400088,366.667
33.1094,0.0382884,366.751
33.1926,0.0366037,366.835
33.274,0.0349565,366.916
33.3534,0.0333485,366.995
33.4307,0.0317812,367.073
33.5061,0.0302557,367.148
33.5793,0.0287731,367.221
33.6503,0.0273345,367.292
33.7191,0.0259404,367.361
33.7857,0.0245915,367.428
33.8501,0.0232882,367.492
33.9122,0.0220306,367.554
33.972,0.0208189,367.614
34.0296,0.0196531,367.672
34.0849,0.0185328,367.727
34.138,0.0174579,367.78
34.1888,0.0164279,367.831
34.2375,0.0154422,367.88
34.284,0.0145003,367.926
34.3284,0.0136012,367.971
34.3707,0.0127444,368.013
34.411,0.0119287,368.053
34.4493,0.0111534,368.092
34.4856,0.0104172,368.128
34.5201,0.00971929,368.162
34.5527,0.00905837,368.195
34.5836,0.00843335,368.226
34.6127,0.00784301,368.255
34.6402,0.00728616,368.283
34.6661,0.00676155,368.309
34.6905,0.00626796,368.333
34.7134,0.00580413,368.356
34.7349,0.00536882,368.377
34.7551,0.00496079,368.397
34.7739,0.00457881,368.416
34.7915,0.00422166,368.434
34.808,0.00388815,368.45
34.8234,0.0035771,368.466
34.8377,0.00328735,368.48
34.851,0.00301779,368.493
34.8634,0.00276731,368.506
34.8748,0.00253486,368.517
34.8855,0.0023194,368.528
34.8953,0.00211993,368.538
34.9044,0.0019355,368.547
34.9128,0.00176517,368.555
34.9206,0.00160807,368.563
34.9277,0.00146335,368.57
34.9343,0.00133018,368.577
34.9404,0.0012078,368.583
34.9459,0.00109548,368.588
34.951,0.000992503,368.593
34.9556,0.000898215,368.598
34.9599,0.000811987,368.602
34.9638,0.000733224,368.606
34.9673,0.000661368,368.61
34.9706,0.000595893,368.613
34.9735,0.000536303,368.616
34.9762,0.000482137,368.619
34.9786,0.000432959,368.621
34.9808,0.000388364,368.623
34.9828,0.000347974,368.625
34.9846,0.000311437,368.627
34.9863,0.000278425,368.629
34.9877,0.000248633,368.63
34.989,0.000221781,368.631
34.9902,0.000197607,368.633
