112022, 
97021, 
1.18796e+006, 
536001, 
356022, 
110026, 
124974, 
72978, 
92034, 
835988, 
123016, 
402983, 
120990, 
156990, 
93997, 
124999, 
989025, 
198980, 
146997, 
166000, 
6.887e+006, 
95997, 
2.88104e+006, 
105958, 
142000, 
97000, 
92998, 
170000, 
256042, 
3.66696e+006, 
132999, 
435000, 
1.123e+006, 
134025, 
253999, 
88025, 
114975, 
442976, 
80999, 
268999, 
128001, 
109999, 
206025, 
742021, 
152999, 
148001, 
290958, 
88000, 
93042, 
107986, 
273994, 
136001, 
117977, 
195000, 
126027, 
832620, 
787958, 
100001, 
95032, 
98968, 
124000, 
150999, 
168023, 
711976, 
114999, 
83003, 
160041, 
107958, 
137999, 
134046, 
154984, 
3.74034e+006, 
98042, 
888425, 
1.453e+006, 
81014, 
120986, 
92029, 
89999, 
110996, 
253994, 
102999, 
88000, 
104006, 
104994, 
100997, 
172009, 
273004, 
224987, 
105009, 
149999, 
344999, 
253970, 
313359, 
176999, 
74000, 
105013, 
152986, 
109971, 
725001, 
