127000, 
52029, 
62999, 
61999, 
66000, 
51970, 
71032, 
77970, 
66998, 
56000, 
61001, 
70999, 
81002, 
69998, 
64002, 
49025, 
64999, 
71975, 
68996, 
79006, 
65017, 
55002, 
74954, 
65999, 
79003, 
97001, 
74999, 
52999, 
65999, 
72043, 
60959, 
97025, 
78997, 
47978, 
127998, 
41001, 
64023, 
70020, 
85999, 
80971, 
118987, 
67014, 
56001, 
64040, 
97963, 
48999, 
64010, 
88988, 
67043, 
69958, 
51997, 
49002, 
150002, 
66999, 
44999, 
55042, 
63986, 
65970, 
58044, 
54979, 
60978, 
50998, 
114999, 
114000, 
75030, 
53969, 
70001, 
84024, 
66977, 
54000, 
57029, 
63994, 
82975, 
72002, 
66390, 
67995, 
94045, 
110973, 
64985, 
122027, 
65016, 
55998, 
57980, 
44020, 
63001, 
91958, 
71041, 
44959, 
59999, 
69000, 
74001, 
85002, 
63998, 
53000, 
578002, 
80997, 
57023, 
82978, 
62021, 
57979, 
