135996, 
149020, 
178984, 
99008, 
3.061e+006, 
76997, 
86003, 
65999, 
87023, 
65977, 
149035, 
152964, 
79002, 
82999, 
110999, 
88001, 
74999, 
79998, 
219025, 
57999, 
78979, 
83000, 
69997, 
107000, 
79002, 
96001, 
88997, 
69004, 
82996, 
103035, 
88465, 
209958, 
100042, 
97986, 
91000, 
74970, 
75043, 
96000, 
1.18098e+006, 
225020, 
384986, 
73000, 
109015, 
88999, 
103958, 
86001, 
103028, 
91993, 
93006, 
80971, 
88022, 
71979, 
75022, 
82006, 
75017, 
93998, 
96985, 
133994, 
104001, 
126977, 
85022, 
197977, 
50999, 
168023, 
77979, 
63999, 
104999, 
100016, 
1.14599e+006, 
328547, 
133998, 
116000, 
74024, 
64976, 
191022, 
88003, 
134997, 
248000, 
95022, 
84990, 
4.19302e+006, 
76994, 
127000, 
100020, 
104980, 
81000, 
111010, 
88011, 
213979, 
79012, 
200978, 
95011, 
87000, 
93020, 
426958, 
69022, 
59000, 
58000, 
82020, 
135980, 
