51024, 
50976, 
63998, 
33024, 
35975, 
39047, 
56957, 
40028, 
44971, 
32997, 
58001, 
51002, 
29998, 
36000, 
51024, 
46978, 
56000, 
36000, 
53024, 
57976, 
38024, 
50006, 
42971, 
51018, 
65981, 
45000, 
51000, 
73030, 
90982, 
44986, 
43026, 
41006, 
33999, 
52000, 
31001, 
38001, 
44993, 
34007, 
46013, 
53980, 
45018, 
32000, 
56003, 
51996, 
32989, 
44968, 
41024, 
35001, 
36978, 
46002, 
72040, 
35958, 
43027, 
46994, 
30000, 
41000, 
35008, 
57968, 
49024, 
54006, 
42995, 
50014, 
39007, 
36957, 
40998, 
68000, 
42023, 
36019, 
52958, 
45998, 
39003, 
40999, 
39030, 
40968, 
37999, 
52003, 
38000, 
37000, 
50000, 
44998, 
32968, 
42001, 
1.13797e+006, 
41000, 
36998, 
40001, 
36999, 
52037, 
35988, 
42001, 
57005, 
34001, 
62971, 
39023, 
38005, 
49014, 
46006, 
50975, 
39998, 
50008, 
