7987, 
9037, 
7972, 
13042, 
6970, 
11991, 
18011, 
9977, 
9011, 
13020, 
26990, 
13988, 
9021, 
10971, 
21008, 
11999, 
36987, 
25000, 
15999, 
12013, 
22995, 
11001, 
18022, 
15999, 
12007, 
26994, 
18990, 
24034, 
12955, 
11041, 
15000, 
11951, 
19049, 
13949, 
21052, 
8998, 
9003, 
6995, 
14993, 
14010, 
11003, 
11957, 
8992, 
13001, 
6998, 
13000, 
32026, 
9002, 
10001, 
21000, 
11975, 
16996, 
11002, 
14998, 
19000, 
9001, 
14003, 
19999, 
17997, 
13999, 
11001, 
9998, 
9034, 
19011, 
11992, 
12977, 
23016, 
9970, 
17003, 
6999, 
14998, 
11003, 
15000, 
9998, 
9029, 
13973, 
26041, 
20004, 
22996, 
15958, 
9029, 
18999, 
14002, 
9998, 
10001, 
20970, 
11029, 
23001, 
12001, 
14968, 
9030, 
18002, 
18993, 
11019, 
13000, 
9957, 
21001, 
23000, 
13000, 
16002, 
