31002, 
29001, 
28997, 
29000, 
31030, 
40997, 
29999, 
33000, 
27984, 
36989, 
34997, 
32003, 
29986, 
21000, 
39029, 
23617, 
31033, 
27997, 
29975, 
33000, 
32022, 
37976, 
36000, 
33026, 
37974, 
31002, 
21999, 
34027, 
38969, 
23999, 
32999, 
23998, 
31012, 
20019, 
29978, 
37001, 
38997, 
37022, 
38978, 
27000, 
25001, 
33000, 
30001, 
37999, 
21002, 
31997, 
31003, 
40001, 
44022, 
25976, 
38022, 
30978, 
30022, 
22976, 
35998, 
25000, 
31002, 
25999, 
37045, 
35956, 
23000, 
31998, 
43025, 
30000, 
28001, 
29974, 
32003, 
43998, 
35024, 
32000, 
25978, 
36024, 
29019, 
31999, 
34001, 
28955, 
41002, 
23043, 
38958, 
31999, 
33003, 
31978, 
24024, 
35999, 
26001, 
24977, 
28029, 
38991, 
22009, 
26969, 
46000, 
33000, 
39001, 
30997, 
24998, 
21000, 
27000, 
45000, 
28998, 
46001, 
