0, 0
0.00999999, 0.00999998
0.01999, 0.0199899
0.02997, 0.0299699
0.03994, 0.0399399
0.0499001, 0.0499
0.0598502, 0.05985
0.0697903, 0.0697902
0.0797205, 0.0797203
0.0896408, 0.0896406
0.0995511, 0.0995509
0.109452, 0.109451
0.119342, 0.119342
0.129223, 0.129222
0.139094, 0.139093
0.148954, 0.148954
0.158805, 0.158805
0.168647, 0.168646
0.178478, 0.178478
0.1883, 0.188299
0.198111, 0.198111
0.207913, 0.207913
0.217705, 0.217705
0.227487, 0.227487
0.23726, 0.237259
0.247023, 0.247022
0.256776, 0.256775
0.266519, 0.266518
0.276252, 0.276252
0.285976, 0.285975
0.29569, 0.295689
0.305392, 0.305391
0.315073, 0.315072
0.324733, 0.324733
0.334372, 0.334371
0.343988, 0.343987
0.35358, 0.353579
0.363147, 0.363146
0.372688, 0.372687
0.382201, 0.3822
0.391685, 0.391684
0.401138, 0.401137
0.410558, 0.410557
0.419945, 0.419944
0.429295, 0.429293
0.438606, 0.438605
0.447876, 0.447875
0.457103, 0.457101
0.466283, 0.466281
0.475413, 0.475412
0.484491, 0.484489
0.493512, 0.49351
0.502472, 0.502471
0.511368, 0.511367
0.520195, 0.520193
0.528947, 0.528945
0.53762, 0.537618
0.546207, 0.546205
0.554702, 0.5547
0.563099, 0.563097
0.571391, 0.571389
0.579569, 0.579567
0.587625, 0.587623
0.595552, 0.59555
0.603339, 0.603337
0.610977, 0.610974
0.618456, 0.618453
0.625765, 0.625763
0.632894, 0.632891
0.639831, 0.639829
0.646566, 0.646563
0.653087, 0.653085
0.659384, 0.659381
0.665446, 0.665443
0.671263, 0.67126
0.676826, 0.676823
0.682128, 0.682125
0.687161, 0.687158
0.691921, 0.691918
0.696405, 0.696401
0.70061, 0.700607
0.704538, 0.704534
0.708191, 0.708187
0.711574, 0.71157
0.714693, 0.714689
0.717557, 0.717553
0.720176, 0.720172
0.722562, 0.722557
0.724726, 0.724721
0.726682, 0.726677
0.728444, 0.728439
0.730026, 0.730021
0.731442, 0.731437
0.732706, 0.732701
0.733831, 0.733826
0.734831, 0.734825
0.735716, 0.73571
0.736499, 0.736493
0.737191, 0.737184
0.7378, 0.737793
0.738337, 0.738329
0.738808, 0.738801
0.739222, 0.739215
0.739586, 0.739577
0.739904, 0.739895
0.740183, 0.740174
0.740427, 0.740417
0.74064, 0.74063
0.740827, 0.740817
0.74099, 0.740979
0.741132, 0.741121
0.741256, 0.741245
0.741365, 0.741353
0.74146, 0.741447
0.741542, 0.741529
0.741614, 0.741601
0.741677, 0.741663
0.741732, 0.741718
0.74178, 0.741765
0.741822, 0.741806
0.741858, 0.741842
0.74189, 0.741873
0.741918, 0.7419
0.741942, 0.741924
0.741963, 0.741944
0.741981, 0.741962
0.741998, 0.741977
0.742012, 0.741991
0.742024, 0.742002
0.742035, 0.742012
0.742044, 0.742021
0.742053, 0.742029
0.74206, 0.742035
0.742066, 0.742041
0.742072, 0.742045
0.742077, 0.742049
0.742082, 0.742053
0.742086, 0.742056
0.742089, 0.742058
0.742092, 0.74206
0.742095, 0.742062
0.742098, 0.742063
0.7421, 0.742064
0.742102, 0.742065
0.742104, 0.742066
0.742106, 0.742066
0.742108, 0.742066
0.74211, 0.742067
0.742111, 0.742067
0.742113, 0.742066
0.742114, 0.742066
0.742115, 0.742066
0.742117, 0.742065
0.742118, 0.742065
0.742119, 0.742064
0.742121, 0.742063
0.742122, 0.742063
0.742123, 0.742062
0.742124, 0.742061
0.742126, 0.74206
0.742127, 0.742059
0.742128, 0.742058
0.74213, 0.742057
0.742131, 0.742055
0.742133, 0.742054
0.742134, 0.742053
0.742136, 0.742051
0.742137, 0.74205
0.742139, 0.742048
0.74214, 0.742047
0.742142, 0.742045
0.742144, 0.742044
0.742146, 0.742042
0.742148, 0.74204
0.742149, 0.742038
0.742151, 0.742036
0.742153, 0.742034
0.742156, 0.742032
0.742158, 0.74203
0.74216, 0.742028
0.742162, 0.742025
0.742165, 0.742023
0.742167, 0.74202
0.74217, 0.742018
0.742173, 0.742015
0.742175, 0.742012
0.742178, 0.742009
0.742181, 0.742006
0.742184, 0.742003
0.742188, 0.742
0.742191, 0.741997
0.742194, 0.741994
0.742198, 0.74199
0.742202, 0.741986
0.742205, 0.741983
0.742209, 0.741979
0.742213, 0.741975
0.742217, 0.74197
0.742222, 0.741966
0.742226, 0.741962
0.742231, 0.741957
0.742236, 0.741952
0.742241, 0.741947
0.742246, 0.741942
0.742251, 0.741937
0.742257, 0.741931
0.742262, 0.741925
0.742268, 0.74192
0.742275, 0.741913
0.742281, 0.741907
0.742287, 0.741901
0.742294, 0.741894
0.742301, 0.741887
0.742308, 0.741879
0.742316, 0.741872
0.742324, 0.741864
0.742332, 0.741856
0.74234, 0.741848
0.742349, 0.741839
0.742358, 0.74183
0.742367, 0.741821
0.742377, 0.741812
0.742386, 0.741802
0.742397, 0.741791
0.742407, 0.741781
0.742418, 0.74177
0.74243, 0.741759
0.742441, 0.741747
0.742454, 0.741735
0.742466, 0.741722
0.742479, 0.741709
0.742493, 0.741696
0.742507, 0.741682
0.742521, 0.741667
0.742536, 0.741652
0.742551, 0.741637
0.742567, 0.741621
0.742584, 0.741605
0.742601, 0.741587
0.742619, 0.74157
0.742637, 0.741551
0.742656, 0.741533
0.742676, 0.741513
0.742696, 0.741493
0.742717, 0.741472
0.742739, 0.74145
0.742762, 0.741427
0.742785, 0.741404
0.742809, 0.74138
0.742834, 0.741355
0.74286, 0.741329
0.742887, 0.741303
0.742915, 0.741275
0.742944, 0.741247
0.742973, 0.741217
0.743004, 0.741186
0.743036, 0.741155
0.743069, 0.741122
0.743103, 0.741088
0.743138, 0.741053
0.743175, 0.741017
0.743213, 0.740979
0.743252, 0.74094
0.743292, 0.7409
0.743334, 0.740859
0.743377, 0.740816
0.743422, 0.740771
0.743469, 0.740725
0.743517, 0.740677
0.743567, 0.740628
0.743618, 0.740577
0.743672, 0.740524
0.743727, 0.740469
0.743784, 0.740413
0.743843, 0.740354
0.743905, 0.740294
0.743968, 0.740231
0.744034, 0.740166
0.744102, 0.740099
0.744172, 0.74003
0.744245, 0.739958
0.74432, 0.739883
0.744398, 0.739807
0.744479, 0.739727
0.744562, 0.739645
0.744649, 0.73956
0.744738, 0.739472
0.744831, 0.73938
0.744927, 0.739286
0.745026, 0.739189
0.745129, 0.739088
0.745236, 0.738983
0.745346, 0.738875
0.74546, 0.738763
0.745578, 0.738648
0.7457, 0.738528
0.745827, 0.738405
0.745958, 0.738277
0.746094, 0.738144
0.746234, 0.738007
0.74638, 0.737866
0.74653, 0.737719
0.746686, 0.737568
0.746848, 0.737411
0.747015, 0.737249
0.747188, 0.737081
0.747367, 0.736907
0.747553, 0.736728
0.747745, 0.736542
0.747944, 0.736351
0.74815, 0.736152
0.748364, 0.735947
0.748584, 0.735735
0.748813, 0.735515
0.74905, 0.735288
0.749296, 0.735053
0.74955, 0.734811
0.749813, 0.73456
0.750086, 0.7343
0.750368, 0.734032
0.750661, 0.733754
0.750964, 0.733467
0.751277, 0.733171
0.751602, 0.732864
0.751939, 0.732548
0.752288, 0.73222
0.752649, 0.731881
0.753024, 0.731531
0.753411, 0.73117
0.753813, 0.730796
0.754229, 0.730409
0.754661, 0.73001
0.755107, 0.729598
0.75557, 0.729171
0.75605, 0.728731
0.756547, 0.728276
0.757063, 0.727806
0.757597, 0.72732
0.75815, 0.726818
0.758724, 0.7263
0.759318, 0.725765
0.759934, 0.725212
0.760573, 0.724642
0.761235, 0.724052
0.761921, 0.723444
0.762633, 0.722816
0.76337, 0.722167
0.764135, 0.721498
0.764928, 0.720808
0.765751, 0.720095
0.766603, 0.71936
0.767488, 0.718601
0.768405, 0.717819
0.769356, 0.717012
0.770343, 0.71618
0.771366, 0.715322
0.772427, 0.714437
0.773528, 0.713526
0.774671, 0.712586
0.775856, 0.711618
0.777086, 0.710621
0.778361, 0.709593
0.779685, 0.708536
0.781059, 0.707447
0.782485, 0.706326
0.783965, 0.705172
0.785501, 0.703986
0.787095, 0.702765
0.788749, 0.70151
0.790467, 0.700221
0.79225, 0.698895
0.794101, 0.697534
0.796023, 0.696136
0.798018, 0.6947
0.800089, 0.693228
0.80224, 0.691718
0.804473, 0.690169
0.806792, 0.688582
0.8092, 0.686957
0.811701, 0.685293
0.814297, 0.683591
0.816993, 0.68185
0.819793, 0.680071
0.8227, 0.678254
0.825719, 0.6764
0.828853, 0.674509
0.832108, 0.672582
0.835487, 0.670619
0.838995, 0.668623
0.842636, 0.666595
0.846416, 0.664535
0.850339, 0.662446
0.854411, 0.660329
0.858635, 0.658188
0.863018, 0.656024
0.867565, 0.653841
0.87228, 0.651641
0.877169, 0.649428
0.882237, 0.647206
0.887489, 0.64498
0.892931, 0.642753
0.898568, 0.640531
0.904404, 0.638318
0.910445, 0.636122
0.916695, 0.633949
0.923159, 0.631804
0.92984, 0.629695
0.936744, 0.62763
0.943873, 0.625616
0.951231, 0.623663
0.958821, 0.621779
0.966644, 0.619973
0.974703, 0.618255
0.983, 0.616635
0.991533, 0.615124
1.0003, 0.613731
1.0093, 0.612468
1.0183, 0.611332
1.02728, 0.610309
1.03625, 0.609385
1.04521, 0.608551
1.05417, 0.607797
1.06311, 0.607115
1.07205, 0.606497
1.08098, 0.605936
1.0899, 0.605428
1.09881, 0.604967
1.10771, 0.604548
1.1166, 0.604168
1.12548, 0.603822
1.13436, 0.603508
1.14322, 0.603222
1.15208, 0.602962
1.16093, 0.602725
1.16977, 0.60251
1.1786, 0.602313
1.18742, 0.602135
1.19623, 0.601972
1.20504, 0.601824
1.21383, 0.601688
1.22262, 0.601565
1.23139, 0.601453
1.24016, 0.60135
1.24892, 0.601257
1.25767, 0.601172
1.26642, 0.601094
1.27515, 0.601024
1.28388, 0.600959
1.29259, 0.6009
1.3013, 0.600846
1.31, 0.600797
1.31869, 0.600753
1.32737, 0.600712
1.33604, 0.600675
1.34471, 0.600641
1.35336, 0.60061
1.36201, 0.600582
1.37065, 0.600556
1.37927, 0.600532
1.3879, 0.600511
1.39651, 0.600491
1.40511, 0.600473
1.41371, 0.600457
1.42229, 0.600442
1.43087, 0.600428
1.43944, 0.600416
1.448, 0.600405
1.45655, 0.600394
1.46509, 0.600385
1.47363, 0.600376
1.48216, 0.600368
1.49067, 0.600361
1.49918, 0.600355
1.50768, 0.600349
1.51618, 0.600343
1.52466, 0.600338
1.53314, 0.600334
1.5416, 0.60033
1.55006, 0.600326
1.55851, 0.600322
1.56695, 0.600319
1.57539, 0.600316
1.58381, 0.600314
1.59223, 0.600311
1.60063, 0.600309
1.60903, 0.600307
1.61742, 0.600305
1.62581, 0.600304
1.63418, 0.600302
1.64255, 0.600301
1.6509, 0.600299
1.65925, 0.600298
1.66759, 0.600297
1.67593, 0.600296
1.68425, 0.600295
1.69257, 0.600295
1.70087, 0.600294
1.70917, 0.600293
1.71746, 0.600293
1.72575, 0.600292
1.73402, 0.600292
1.74229, 0.600291
1.75054, 0.600291
1.75879, 0.60029
1.76703, 0.60029
1.77527, 0.60029
1.78349, 0.600289
1.79171, 0.600289
1.79992, 0.600289
1.80812, 0.600289
1.81631, 0.600288
1.82449, 0.600288
1.83267, 0.600288
1.84084, 0.600288
1.84899, 0.600288
1.85715, 0.600288
1.86529, 0.600287
1.87342, 0.600287
1.88155, 0.600287
1.88967, 0.600287
1.89778, 0.600287
1.90588, 0.600287
1.91397, 0.600287
1.92206, 0.600287
1.93014, 0.600287
1.93821, 0.600287
1.94627, 0.600287
1.95432, 0.600287
1.96237, 0.600287
1.97041, 0.600287
1.97844, 0.600287
1.98646, 0.600287
1.99447, 0.600287
2.00248, 0.600286
2.01053, 0.600287
2.01877, 0.600302
2.02719, 0.600349
2.0358, 0.600445
2.04459, 0.600605
2.05357, 0.600846
2.06273, 0.601182
2.07207, 0.601629
2.0816, 0.602201
2.0913, 0.60291
2.10117, 0.60377
2.11121, 0.604792
2.1214, 0.605988
2.13175, 0.607368
2.14224, 0.608942
2.15287, 0.610718
2.16363, 0.612704
2.1745, 0.614908
2.18547, 0.617336
2.19655, 0.619993
2.20771, 0.622883
2.21894, 0.626009
2.23024, 0.629375
2.24159, 0.632981
2.25299, 0.636828
2.26441, 0.640916
2.27585, 0.645244
2.2873, 0.649809
2.29874, 0.654608
2.31018, 0.659638
2.32159, 0.664895
2.33297, 0.670373
2.34431, 0.676067
2.3556, 0.681971
2.36683, 0.688079
2.378, 0.694382
2.3891, 0.700874
2.40013, 0.707548
2.41107, 0.714396
2.42193, 0.721409
2.4327, 0.72858
2.44338, 0.735901
2.45396, 0.743363
2.46445, 0.750959
2.47483, 0.758681
2.48511, 0.766521
2.49529, 0.774471
2.50537, 0.782525
2.51535, 0.790674
2.52522, 0.798913
2.53499, 0.807235
2.54466, 0.815632
2.55424, 0.8241
2.56371, 0.832632
2.57309, 0.841222
2.58237, 0.849866
2.59157, 0.858559
2.60067, 0.867295
2.60968, 0.876071
2.61861, 0.884883
2.62745, 0.893725
2.63622, 0.902596
2.6449, 0.911491
2.65351, 0.920407
2.66205, 0.929342
2.67051, 0.938292
2.6789, 0.947256
2.68723, 0.95623
2.6955, 0.965213
2.7037, 0.974203
2.71184, 0.983198
2.71993, 0.992196
2.72796, 1.0012
2.73594, 1.01019
2.74386, 1.01918
2.75174, 1.02816
2.75957, 1.03714
2.76736, 1.0461
2.77511, 1.05505
2.78282, 1.064
2.79049, 1.07293
2.79812, 1.08186
2.80572, 1.09078
2.81329, 1.09969
2.82082, 1.10859
2.82832, 1.11748
2.8358, 1.12636
2.84324, 1.13523
2.85066, 1.1441
2.85805, 1.15296
2.86542, 1.1618
2.87276, 1.17064
2.88008, 1.17947
2.88738, 1.18829
2.89465, 1.1971
2.9019, 1.2059
2.90913, 1.2147
2.91635, 1.22348
2.92354, 1.23226
2.93071, 1.24103
2.93787, 1.24979
2.945, 1.25854
2.95212, 1.26728
2.95923, 1.27601
2.96631, 1.28473
2.97339, 1.29345
2.98044, 1.30216
2.98748, 1.31085
2.99451, 1.31954
3.00152, 1.32822
3.00852, 1.33689
3.01551, 1.34556
3.02249, 1.35421
3.02947, 1.36286
3.03644, 1.37149
3.0434, 1.38012
3.05036, 1.38874
3.05731, 1.39735
3.06425, 1.40596
3.07119, 1.41455
3.07812, 1.42313
3.08504, 1.43171
3.09195, 1.44028
3.09886, 1.44884
3.10576, 1.45739
3.11266, 1.46593
3.11955, 1.47447
3.12643, 1.48299
3.1333, 1.49151
3.14017, 1.50002
3.14703, 1.50852
3.15388, 1.51701
3.16072, 1.52549
3.16756, 1.53397
3.1744, 1.54243
3.18122, 1.55089
3.18804, 1.55934
3.19485, 1.56778
3.20166, 1.57621
3.20846, 1.58463
3.21525, 1.59305
3.22203, 1.60146
3.22881, 1.60985
3.23558, 1.61824
3.24235, 1.62663
3.2491, 1.635
3.25585, 1.64336
3.2626, 1.65172
3.26934, 1.66007
3.27607, 1.66841
3.28279, 1.67674
3.28951, 1.68506
3.29622, 1.69338
3.30292, 1.70168
3.30962, 1.70998
3.31631, 1.71827
3.32299, 1.72655
3.32967, 1.73483
3.33634, 1.74309
3.343, 1.75135
3.34966, 1.7596
3.35631, 1.76784
3.36296, 1.77607
3.36959, 1.78429
3.37622, 1.79251
3.38285, 1.80072
3.38946, 1.80891
3.39607, 1.81711
3.40268, 1.82529
3.40928, 1.83346
3.41587, 1.84163
3.42245, 1.84979
3.42903, 1.85794
3.4356, 1.86608
3.44216, 1.87421
3.44872, 1.88234
3.45527, 1.89046
3.46182, 1.89856
3.46836, 1.90667
3.47489, 1.91476
3.48141, 1.92284
3.48793, 1.93092
3.49444, 1.93899
3.50095, 1.94705
3.50745, 1.9551
3.51394, 1.96315
3.52043, 1.97118
3.52691, 1.97921
3.53338, 1.98723
3.53985, 1.99525
3.54631, 2.00325
3.55276, 2.01125
3.55921, 2.01924
3.56565, 2.02722
3.57208, 2.03519
3.57851, 2.04315
3.58493, 2.05111
3.59135, 2.05906
3.59775, 2.067
3.60416, 2.07493
3.61055, 2.08286
3.61694, 2.09077
3.62333, 2.09868
3.6297, 2.10658
3.63607, 2.11448
3.64244, 2.12236
3.64879, 2.13024
3.65515, 2.13811
3.66149, 2.14597
3.66783, 2.15382
3.67416, 2.16167
3.68049, 2.16951
3.68681, 2.17734
3.69312, 2.18516
3.69943, 2.19298
3.70573, 2.20078
3.71202, 2.20858
3.71831, 2.21637
3.72459, 2.22416
3.73087, 2.23193
3.73714, 2.2397
3.7434, 2.24746
3.74965, 2.25521
3.75591, 2.26296
3.76215, 2.27069
3.76839, 2.27842
3.77462, 2.28614
3.78084, 2.29386
3.78706, 2.30156
3.79328, 2.30926
3.79948, 2.31695
3.80568, 2.32463
3.81188, 2.33231
3.81807, 2.33998
3.82425, 2.34764
3.83042, 2.35529
3.83659, 2.36293
3.84276, 2.37057
3.84891, 2.3782
3.85506, 2.38582
3.86121, 2.39343
3.86735, 2.40104
3.87348, 2.40864
3.87961, 2.41623
3.88573, 2.42381
3.89184, 2.43139
3.89795, 2.43896
3.90405, 2.44652
3.91015, 2.45407
3.91624, 2.46162
3.92232, 2.46916
3.9284, 2.47669
3.93447, 2.48421
3.94054, 2.49172
3.9466, 2.49923
3.95265, 2.50673
3.9587, 2.51423
3.96474, 2.52171
3.97077, 2.52919
3.9768, 2.53666
3.98283, 2.54412
3.98884, 2.55158
3.99485, 2.55903
4.00086, 2.56647
4.00686, 2.5739
4.01285, 2.58133
4.01884, 2.58874
4.02482, 2.59616
4.0308, 2.60356
4.03676, 2.61096
4.04273, 2.61834
4.04869, 2.62573
4.05464, 2.6331
4.06058, 2.64047
4.06652, 2.64782
4.07245, 2.65518
4.07838, 2.66252
4.0843, 2.66986
4.09022, 2.67719
4.09613, 2.68451
4.10203, 2.69183
4.10793, 2.69913
4.11382, 2.70643
4.11971, 2.71373
4.12559, 2.72101
4.13146, 2.72829
4.13733, 2.73556
4.14331, 2.7426
4.14951, 2.74924
4.15591, 2.75557
4.1625, 2.76165
4.16924, 2.76756
4.1761, 2.77338
4.18305, 2.77916
4.19005, 2.78495
4.19708, 2.79079
4.20409, 2.79671
4.21107, 2.80274
4.21798, 2.80889
4.2248, 2.81517
4.23151, 2.82158
4.2381, 2.82813
4.24454, 2.83481
4.25082, 2.84162
4.25693, 2.84855
4.26286, 2.85559
4.26861, 2.86273
4.27434, 2.86987
4.28007, 2.877
4.28579, 2.88412
4.2915, 2.89123
4.29721, 2.89834
4.30291, 2.90544
4.30861, 2.91254
4.3143, 2.91963
4.31999, 2.92671
4.32567, 2.93378
4.33134, 2.94084
4.33701, 2.9479
4.34267, 2.95495
4.34833, 2.962
4.35398, 2.96904
4.35963, 2.97607
4.36527, 2.98309
4.3709, 2.99011
4.37653, 2.99712
4.38215, 3.00412
4.38777, 3.01111
4.39338, 3.0181
4.39899, 3.02508
4.40459, 3.03206
4.41019, 3.03903
4.41578, 3.04599
4.42136, 3.05294
4.42694, 3.05989
4.43251, 3.06683
4.43808, 3.07376
4.44364, 3.08069
4.4492, 3.0876
4.45475, 3.09452
4.4603, 3.10142
4.46583, 3.10832
4.47137, 3.11521
4.4769, 3.12209
4.48242, 3.12897
4.48794, 3.13584
4.49345, 3.14271
4.49896, 3.14956
4.50446, 3.15641
4.50995, 3.16326
4.51544, 3.17009
4.52093, 3.17692
4.52641, 3.18374
4.53188, 3.19056
4.53735, 3.19737
4.54281, 3.20417
4.54827, 3.21097
4.55372, 3.21776
4.55917, 3.22454
4.56461, 3.23131
4.57004, 3.23808
4.57547, 3.24484
4.5809, 3.2516
4.58632, 3.25834
4.59173, 3.26509
4.59714, 3.27182
4.60254, 3.27855
4.60794, 3.28527
4.61333, 3.29198
4.61872, 3.29869
4.6241, 3.30539
4.62947, 3.31209
4.63485, 3.31877
4.64021, 3.32545
4.64557, 3.33213
4.65092, 3.3388
4.65627, 3.34546
4.66162, 3.35211
4.66696, 3.35876
4.67229, 3.3654
4.67762, 3.37203
4.68294, 3.37866
4.68826, 3.38528
4.69357, 3.39189
4.69887, 3.3985
4.70418, 3.4051
4.70947, 3.4117
4.71476, 3.41829
4.72005, 3.42487
4.72533, 3.43144
4.7306, 3.43801
4.73587, 3.44457
4.74114, 3.45113
4.74639, 3.45767
4.75165, 3.46421
4.75689, 3.47075
4.76214, 3.47728
4.76737, 3.4838
4.7726, 3.49031
4.77783, 3.49682
4.78305, 3.50332
4.78826, 3.50981
4.79347, 3.51629
4.79867, 3.52277
4.80387, 3.52924
4.80906, 3.53571
4.81425, 3.54216
4.81943, 3.54861
4.8246, 3.55506
4.82977, 3.56149
4.83493, 3.56792
4.84009, 3.57434
4.84524, 3.58076
4.85039, 3.58717
4.85553, 3.59357
4.86066, 3.59996
4.86579, 3.60635
4.87091, 3.61273
4.87603, 3.6191
4.88114, 3.62547
4.88625, 3.63182
4.89135, 3.63817
4.89644, 3.64452
4.90153, 3.65085
4.90662, 3.65718
4.91169, 3.66351
4.91676, 3.66982
4.92183, 3.67613
4.92689, 3.68243
4.93194, 3.68872
4.93699, 3.69501
4.94203, 3.70129
4.94707, 3.70756
4.9521, 3.71382
4.95712, 3.72008
4.96214, 3.72633
4.96715, 3.73257
4.97216, 3.7388
4.97716, 3.74503
4.98216, 3.75125
4.98714, 3.75746
4.99213, 3.76367
4.9971, 3.76986
5.00207, 3.77605
5.00704, 3.78224
5.012, 3.78841
5.01695, 3.79458
5.02189, 3.80074
5.02683, 3.80689
5.03177, 3.81303
5.03669, 3.81917
5.04161, 3.82529
5.04653, 3.83141
5.05144, 3.83753
5.05634, 3.84363
5.06123, 3.84973
5.06612, 3.85582
5.07101, 3.8619
5.07588, 3.86797
5.08075, 3.87403
5.08561, 3.88009
5.09047, 3.88614
5.09532, 3.89218
5.10016, 3.89821
5.105, 3.90423
5.10983, 3.91025
5.11465, 3.91626
5.11947, 3.92225
5.12428, 3.92824
5.12908, 3.93422
5.13387, 3.9402
5.13866, 3.94616
5.14344, 3.95212
5.14822, 3.95806
5.15298, 3.964
5.15774, 3.96993
5.1625, 3.97585
5.16724, 3.98176
5.17198, 3.98766
5.17671, 3.99355
5.18143, 3.99943
5.18615, 4.00531
5.19085, 4.01117
5.19555, 4.01702
5.20024, 4.02287
5.20493, 4.0287
5.2096, 4.03453
5.21427, 4.04034
5.21893, 4.04615
5.22358, 4.05194
5.22823, 4.05773
5.23286, 4.0635
5.23749, 4.06926
5.2421, 4.07502
5.24671, 4.08076
5.25131, 4.08649
5.2559, 4.09221
5.26049, 4.09792
5.26506, 4.10362
5.26962, 4.10931
5.27418, 4.11498
5.27872, 4.12064
5.28326, 4.1263
5.28778, 4.13194
5.2923, 4.13756
5.2968, 4.14318
5.3013, 4.14878
5.30578, 4.15437
5.31026, 4.15995
5.31472, 4.16551
5.31918, 4.17107
5.32362, 4.1766
5.32805, 4.18213
5.33247, 4.18764
5.33688, 4.19313
5.34127, 4.19862
5.34566, 4.20408
5.35003, 4.20954
5.35439, 4.21497
5.35874, 4.2204
5.36308, 4.2258
5.3674, 4.23119
5.37171, 4.23657
5.376, 4.24193
5.38028, 4.24727
5.38455, 4.25259
5.38881, 4.2579
5.39305, 4.26319
5.39727, 4.26846
5.40148, 4.27372
5.40567, 4.27895
5.40985, 4.28417
5.41402, 4.28937
5.41816, 4.29454
5.42229, 4.2997
5.42641, 4.30484
5.4305, 4.30995
5.43458, 4.31505
5.43864, 4.32012
5.44268, 4.32517
5.4467, 4.3302
5.45071, 4.3352
5.45469, 4.34018
5.45866, 4.34514
5.4626, 4.35007
5.46652, 4.35497
5.47042, 4.35985
5.4743, 4.36471
5.47816, 4.36953
5.482, 4.37433
5.48581, 4.3791
5.48959, 4.38385
5.49336, 4.38856
5.4971, 4.39324
5.50081, 4.3979
5.50449, 4.40252
5.50815, 4.40711
5.51179, 4.41166
5.51539, 4.41619
5.51897, 4.42068
5.52252, 4.42513
5.52604, 4.42955
5.52952, 4.43393
5.53298, 4.43828
5.53641, 4.44259
5.5398, 4.44686
5.54316, 4.45109
5.54649, 4.45528
5.54978, 4.45943
5.55304, 4.46354
5.55626, 4.46761
5.55945, 4.47163
5.5626, 4.47561
5.56571, 4.47954
5.56879, 4.48343
5.57182, 4.48728
5.57482, 4.49108
5.57777, 4.49482
5.58069, 4.49852
5.58356, 4.50218
5.58639, 4.50578
5.58918, 4.50933
5.59192, 4.51283
5.59463, 4.51628
5.59728, 4.51967
5.59989, 4.52302
5.60246, 4.52631
5.60498, 4.52954
5.60745, 4.53272
5.60988, 4.53585
5.61225, 4.53892
5.61459, 4.54193
5.61687, 4.54489
5.6191, 4.54779
5.62129, 4.55064
5.62342, 4.55342
5.62551, 4.55615
5.62755, 4.55883
5.62954, 4.56144
5.63147, 4.564
5.63336, 4.5665
5.6352, 4.56895
5.63699, 4.57134
5.63873, 4.57367
5.64042, 4.57594
5.64207, 4.57816
5.64366, 4.58032
5.6452, 4.58243
5.6467, 4.58449
5.64815, 4.58649
5.64955, 4.58843
5.65091, 4.59032
5.65222, 4.59217
5.65348, 4.59395
5.6547, 4.59569
5.65587, 4.59738
5.657, 4.59902
5.65808, 4.60062
5.65913, 4.60216
5.66013, 4.60366
5.66109, 4.60511
5.66201, 4.60652
5.66289, 4.60789
5.66373, 4.60922
5.66453, 4.6105
5.6653, 4.61174
5.66603, 4.61295
5.66672, 4.61412
5.66738, 4.61525
5.668, 4.61634
5.6686, 4.6174
5.66916, 4.61843
5.66968, 4.61943
5.67018, 4.62039
5.67065, 4.62133
5.67109, 4.62223
5.6715, 4.62311
5.67189, 4.62396
5.67225, 4.62479
5.67258, 4.62559
5.67289, 4.62637
5.67317, 4.62712
5.67343, 4.62785
5.67367, 4.62857
5.67388, 4.62926
5.67408, 4.62993
5.67425, 4.63058
5.6744, 4.63122
5.67454, 4.63184
5.67465, 4.63244
5.67475, 4.63303
5.67483, 4.63361
5.67489, 4.63417
5.67493, 4.63472
5.67496, 4.63526
5.67497, 4.63578
5.67497, 4.6363
5.67495, 4.6368
5.67492, 4.6373
5.67488, 4.63778
5.67482, 4.63826
5.67475, 4.63873
5.67466, 4.63919
5.67457, 4.63965
5.67446, 4.6401
5.67434, 4.64054
5.67421, 4.64098
5.67407, 4.64142
5.67391, 4.64185
5.67375, 4.64227
5.67357, 4.64269
5.67339, 4.64311
5.6732, 4.64353
5.67299, 4.64394
5.67278, 4.64436
5.67256, 4.64477
5.67232, 4.64517
5.67208, 4.64558
5.67184, 4.64599
5.67158, 4.6464
5.67131, 4.6468
5.67104, 4.64721
5.67076, 4.64762
5.67047, 4.64802
5.67017, 4.64843
5.66986, 4.64884
5.66955, 4.64925
5.66923, 4.64967
5.6689, 4.65008
5.66856, 4.6505
5.66822, 4.65092
5.66787, 4.65134
5.66751, 4.65176
5.66714, 4.65219
5.66677, 4.65262
5.66639, 4.65305
5.66601, 4.65349
5.66561, 4.65393
5.66521, 4.65437
5.6648, 4.65482
5.66439, 4.65528
5.66397, 4.65573
5.66354, 4.6562
5.6631, 4.65666
5.66266, 4.65713
5.66221, 4.65761
5.66175, 4.65809
5.66129, 4.65858
5.66082, 4.65907
5.66034, 4.65957
5.65986, 4.66008
5.65936, 4.66059
5.65887, 4.6611
5.65836, 4.66163
5.65785, 4.66216
5.65733, 4.66269
5.6568, 4.66323
5.65627, 4.66378
5.65572, 4.66434
5.65518, 4.66491
5.65462, 4.66548
5.65406, 4.66606
5.65349, 4.66664
5.65291, 4.66724
5.65232, 4.66784
5.65173, 4.66845
5.65113, 4.66907
5.65052, 4.6697
5.64991, 4.67034
5.64928, 4.67098
5.64865, 4.67164
5.64801, 4.6723
5.64737, 4.67298
5.64671, 4.67366
5.64605, 4.67435
5.64538, 4.67506
5.6447, 4.67577
5.64402, 4.67649
5.64332, 4.67722
5.64262, 4.67797
5.64191, 4.67872
5.64119, 4.67949
5.64046, 4.68026
5.63973, 4.68105
5.63898, 4.68185
5.63823, 4.68266
5.63747, 4.68348
5.6367, 4.68432
5.63592, 4.68517
5.63513, 4.68603
5.63434, 4.6869
5.63353, 4.68778
5.63272, 4.68868
5.6319, 4.68959
5.63107, 4.69052
5.63023, 4.69146
5.62938, 4.69241
5.62852, 4.69338
5.62765, 4.69436
5.62677, 4.69535
5.62589, 4.69636
5.62499, 4.69739
5.62409, 4.69843
5.62317, 4.69949
5.62225, 4.70056
5.62132, 4.70165
5.62037, 4.70276
5.61942, 4.70388
5.61846, 4.70502
5.61749, 4.70617
5.61651, 4.70735
5.61552, 4.70854
5.61452, 4.70975
5.61351, 4.71097
5.61249, 4.71222
5.61146, 4.71348
5.61042, 4.71477
5.60937, 4.71607
5.60832, 4.71739
5.60725, 4.71873
5.60617, 4.7201
5.60508, 4.72148
5.60399, 4.72289
5.60288, 4.72431
5.60176, 4.72576
5.60064, 4.72723
5.5995, 4.72872
5.59836, 4.73023
5.5972, 4.73177
5.59604, 4.73333
5.59486, 4.73491
5.59368, 4.73652
5.59249, 4.73815
5.59128, 4.73981
5.59007, 4.74149
5.58885, 4.7432
5.58762, 4.74493
5.58638, 4.74669
5.58513, 4.74847
5.58388, 4.75028
5.58261, 4.75212
5.58134, 4.75399
5.58005, 4.75588
5.57876, 4.75781
5.57746, 4.75976
5.57615, 4.76174
5.57484, 4.76375
5.57351, 4.76579
5.57218, 4.76786
5.57084, 4.76996
5.5695, 4.77209
5.56814, 4.77426
5.56678, 4.77646
5.56541, 4.77869
5.56404, 4.78095
5.56266, 4.78324
5.56127, 4.78557
5.55988, 4.78793
5.55848, 4.79033
5.55707, 4.79276
5.55566, 4.79523
5.55425, 4.79774
5.55283, 4.80028
5.55141, 4.80285
5.54998, 4.80547
5.54855, 4.80812
5.54712, 4.81081
5.54568, 4.81354
5.54424, 4.8163
5.5428, 4.81911
5.54136, 4.82195
5.53992, 4.82484
5.53847, 4.82777
5.53702, 4.83073
5.53558, 4.83374
5.53413, 4.83679
5.53269, 4.83988
5.53125, 4.84302
5.52981, 4.84619
5.52837, 4.84941
5.52693, 4.85268
5.5255, 4.85598
5.52407, 4.85933
5.52265, 4.86273
5.52123, 4.86617
5.51982, 4.86966
5.51841, 4.87319
5.51701, 4.87677
5.51562, 4.88039
5.51424, 4.88406
5.51287, 4.88777
5.5115, 4.89154
5.51015, 4.89535
5.50881, 4.89921
5.50748, 4.90311
5.50616, 4.90706
5.50485, 4.91106
5.50356, 4.91511
5.50228, 4.91921
5.50102, 4.92335
5.49978, 4.92755
5.49855, 4.93179
5.49734, 4.93608
5.49615, 4.94042
5.49498, 4.9448
5.49383, 4.94924
5.4927, 4.95372
5.49159, 4.95826
5.49051, 4.96284
5.48944, 4.96747
5.48841, 4.97214
5.4874, 4.97687
5.48641, 4.98164
5.48545, 4.98647
5.48453, 4.99133
5.48362, 4.99625
5.48275, 5.00121
5.48191, 5.00621
5.4811, 5.0112
5.48032, 5.01619
5.47957, 5.02117
5.47884, 5.02615
5.47814, 5.03112
5.47746, 5.03609
5.4768, 5.04105
5.47617, 5.04601
5.47556, 5.05096
5.47497, 5.05591
5.4744, 5.06085
5.47385, 5.06579
5.47331, 5.07072
5.4728, 5.07565
5.4723, 5.08058
5.47182, 5.08549
5.47135, 5.09041
5.4709, 5.09531
5.47046, 5.10022
5.47004, 5.10512
5.46963, 5.11001
5.46924, 5.1149
5.46885, 5.11978
5.46848, 5.12466
5.46812, 5.12953
5.46778, 5.1344
5.46744, 5.13927
5.46712, 5.14413
5.4668, 5.14898
5.4665, 5.15383
5.4662, 5.15868
5.46591, 5.16352
5.46564, 5.16835
5.46537, 5.17318
5.46511, 5.17801
5.46486, 5.18283
5.46461, 5.18764
5.46438, 5.19245
5.46415, 5.19726
5.46392, 5.20206
5.46371, 5.20686
5.4635, 5.21165
5.4633, 5.21644
5.4631, 5.22122
5.46291, 5.22599
5.46273, 5.23077
5.46255, 5.23553
5.46237, 5.2403
5.46221, 5.24506
5.46204, 5.24981
5.46189, 5.25456
5.46173, 5.2593
5.46158, 5.26404
5.46144, 5.26878
5.4613, 5.2735
5.46117, 5.27823
5.46103, 5.28295
5.46091, 5.28767
5.46078, 5.29238
5.46066, 5.29708
5.46055, 5.30178
5.46044, 5.30648
5.46033, 5.31117
5.46022, 5.31586
5.46012, 5.32054
5.46002, 5.32522
5.45992, 5.32989
5.45983, 5.33456
5.45974, 5.33922
5.45965, 5.34388
5.45956, 5.34854
5.45948, 5.35319
5.4594, 5.35783
5.45932, 5.36247
5.45924, 5.36711
5.45917, 5.37174
5.4591, 5.37637
5.45903, 5.38099
5.45896, 5.38561
5.4589, 5.39022
5.45883, 5.39483
5.45877, 5.39943
5.45871, 5.40403
5.45865, 5.40862
5.4586, 5.41321
5.45854, 5.4178
5.45849, 5.42238
5.45844, 5.42696
5.45839, 5.43153
5.45834, 5.43609
5.45829, 5.44066
5.45825, 5.44521
5.45821, 5.44977
5.45816, 5.45431
5.45812, 5.45886
5.45808, 5.4634
5.45804, 5.46793
5.458, 5.47246
5.45797, 5.47699
5.45793, 5.48151
5.4579, 5.48603
5.45786, 5.49054
5.45783, 5.49505
5.4578, 5.49955
5.45777, 5.50405
5.45774, 5.50854
5.45771, 5.51303
5.45768, 5.51752
5.45765, 5.522
5.45763, 5.52647
5.4576, 5.53095
5.45757, 5.53541
5.45755, 5.53988
5.45753, 5.54433
5.4575, 5.54879
5.45748, 5.55324
5.45746, 5.55768
5.45744, 5.56212
5.45742, 5.56656
5.4574, 5.57099
5.45738, 5.57542
5.45736, 5.57984
5.45734, 5.58426
5.45733, 5.58867
5.45731, 5.59308
5.45729, 5.59749
5.45728, 5.60189
5.45726, 5.60628
5.45725, 5.61067
5.45723, 5.61506
5.45722, 5.61944
5.4572, 5.62382
5.45719, 5.6282
5.45718, 5.63257
5.45716, 5.63693
5.45715, 5.64129
5.45714, 5.64565
5.45713, 5.65
5.45712, 5.65435
5.45711, 5.65869
5.4571, 5.66303
5.45709, 5.66737
5.45708, 5.6717
5.45707, 5.67603
5.45706, 5.68035
5.45705, 5.68467
5.45704, 5.68898
5.45703, 5.69329
5.45702, 5.69759
5.45701, 5.70189
5.45701, 5.70619
5.457, 5.71048
5.45699, 5.71477
5.45698, 5.71905
5.45698, 5.72333
5.45697, 5.7276
5.45696, 5.73187
5.45696, 5.73614
5.45695, 5.7404
5.45695, 5.74466
5.45694, 5.74891
5.45693, 5.75316
5.45693, 5.75741
5.45692, 5.76165
5.45692, 5.76588
5.45691, 5.77012
5.45691, 5.77434
5.4569, 5.77857
5.4569, 5.78279
5.45689, 5.787
5.45689, 5.79121
5.45689, 5.79542
5.45688, 5.79962
5.45688, 5.80382
5.45687, 5.80801
5.45687, 5.8122
5.45687, 5.81639
5.45686, 5.82057
5.45686, 5.82475
5.45686, 5.82892
5.45685, 5.83309
5.45685, 5.83725
5.45685, 5.84141
5.45684, 5.84557
5.45684, 5.84972
5.45684, 5.85387
5.45684, 5.85801
5.45683, 5.86215
5.45683, 5.86629
5.45683, 5.87042
5.45683, 5.87455
5.45682, 5.87867
5.45682, 5.88279
5.45682, 5.88691
5.45682, 5.89102
5.45681, 5.89512
5.45681, 5.89923
5.45681, 5.90332
5.45681, 5.90742
5.45681, 5.91151
5.4568, 5.91559
5.4568, 5.91968
5.4568, 5.92375
5.4568, 5.92783
5.4568, 5.9319
5.4568, 5.93596
5.4568, 5.94003
5.45679, 5.94408
5.45679, 5.94814
5.45679, 5.95219
5.45679, 5.95623
5.45679, 5.96027
5.45679, 5.96431
5.45679, 5.96834
5.45678, 5.97237
5.45678, 5.9764
5.45678, 5.98042
5.45678, 5.98444
5.45678, 5.98845
5.45678, 5.99246
5.45678, 5.99646
5.45678, 6.00046
5.45678, 6.00447
5.45678, 6.0085
5.45678, 6.01256
5.45678, 6.01665
5.45679, 6.02077
5.4568, 6.02492
5.45682, 6.0291
5.45685, 6.03331
5.45688, 6.03755
5.45693, 6.04182
5.45698, 6.04612
5.45704, 6.05045
5.45712, 6.05481
5.45721, 6.0592
5.45731, 6.06363
5.45743, 6.06808
5.45756, 6.07256
5.45771, 6.07707
5.45788, 6.08162
5.45806, 6.08619
5.45827, 6.09079
5.45849, 6.09542
5.45874, 6.10008
5.45901, 6.10477
5.4593, 6.10948
5.45961, 6.11422
5.45995, 6.119
5.46031, 6.1238
5.4607, 6.12862
5.46111, 6.13347
5.46155, 6.13835
5.46202, 6.14326
5.46252, 6.14819
5.46304, 6.15314
5.4636, 6.15812
5.46418, 6.16313
5.4648, 6.16815
5.46545, 6.1732
5.46612, 6.17828
5.46684, 6.18337
5.46758, 6.18849
5.46836, 6.19363
5.46917, 6.19879
5.47001, 6.20396
5.4709, 6.20916
5.47181, 6.21438
5.47276, 6.21961
5.47375, 6.22486
5.47477, 6.23013
5.47583, 6.23542
5.47693, 6.24072
5.47806, 6.24603
5.47924, 6.25136
5.48045, 6.25671
5.48169, 6.26207
5.48298, 6.26743
5.4843, 6.27282
5.48567, 6.27821
5.48707, 6.28361
5.48851, 6.28902
5.48999, 6.29444
5.4915, 6.29987
5.49306, 6.30531
5.49466, 6.31076
5.49629, 6.31621
5.49797, 6.32166
5.49968, 6.32713
5.50143, 6.33259
5.50323, 6.33806
5.50506, 6.34353
5.50693, 6.34901
5.50884, 6.35449
5.51078, 6.35996
5.51277, 6.36544
5.51479, 6.37092
5.51686, 6.3764
5.51896, 6.38188
5.52109, 6.38735
5.52327, 6.39282
5.52548, 6.39829
5.52773, 6.40375
5.53002, 6.40922
5.53235, 6.41467
5.53471, 6.42012
5.5371, 6.42556
5.53954, 6.431
5.542, 6.43643
5.54451, 6.44186
5.54705, 6.44727
5.54962, 6.45268
5.55222, 6.45807
5.55486, 6.46346
5.55754, 6.46884
5.56024, 6.47421
5.56298, 6.47956
5.56575, 6.48491
5.56855, 6.49024
5.57139, 6.49556
5.57425, 6.50087
5.57715, 6.50617
5.58007, 6.51145
5.58303, 6.51672
5.58601, 6.52198
5.58902, 6.52722
5.59206, 6.53245
5.59513, 6.53766
5.59823, 6.54286
5.60135, 6.54804
5.6045, 6.5532
5.60767, 6.55835
5.61087, 6.56349
5.6141, 6.56861
5.61735, 6.57371
5.62062, 6.57879
5.62392, 6.58386
5.62724, 6.58891
5.63058, 6.59394
5.63395, 6.59896
5.63733, 6.60396
5.64074, 6.60894
5.64417, 6.6139
5.64762, 6.61885
5.65109, 6.62377
5.65458, 6.62868
5.65809, 6.63357
5.66162, 6.63844
5.66516, 6.6433
5.66873, 6.64813
5.67231, 6.65295
5.6759, 6.65775
5.67952, 6.66253
5.68315, 6.66729
5.68679, 6.67203
5.69045, 6.67675
5.69413, 6.68146
5.69782, 6.68615
5.70152, 6.69081
5.70524, 6.69546
5.70897, 6.70009
5.71271, 6.7047
5.71647, 6.7093
5.72024, 6.71387
5.72402, 6.71843
5.72781, 6.72296
5.73161, 6.72748
5.73543, 6.73198
5.73925, 6.73647
5.74308, 6.74093
5.74693, 6.74538
5.75078, 6.7498
5.75464, 6.75421
5.75851, 6.7586
5.76239, 6.76298
5.76628, 6.76733
5.77017, 6.77167
5.77408, 6.77599
5.77799, 6.7803
5.7819, 6.78458
5.78583, 6.78885
5.78976, 6.7931
5.79369, 6.79734
5.79764, 6.80156
5.80158, 6.80576
5.80554, 6.80994
5.80949, 6.81411
5.81346, 6.81826
5.81743, 6.8224
5.8214, 6.82651
5.82537, 6.83062
5.82936, 6.8347
5.83334, 6.83877
5.83733, 6.84283
5.84132, 6.84687
5.84531, 6.85089
5.84931, 6.8549
5.85331, 6.85889
5.85731, 6.86287
5.86132, 6.86683
5.86532, 6.87078
5.86933, 6.87471
5.87334, 6.87863
5.87736, 6.88253
5.88137, 6.88642
5.88539, 6.8903
5.8894, 6.89416
5.89342, 6.89801
5.89744, 6.90184
5.90146, 6.90566
5.90548, 6.90946
5.9095, 6.91326
5.91352, 6.91703
5.91754, 6.9208
5.92156, 6.92455
5.92558, 6.92829
5.92961, 6.93202
5.93363, 6.93573
5.93765, 6.93943
5.94167, 6.94312
5.94569, 6.9468
5.9497, 6.95046
5.95372, 6.95411
5.95774, 6.95775
5.96175, 6.96138
5.96577, 6.965
5.96978, 6.9686
5.97379, 6.97219
5.9778, 6.97578
5.98181, 6.97935
5.98582, 6.9829
5.98983, 6.98645
5.99383, 6.98999
5.99783, 6.99351
6.00183, 6.99703
6.00583, 7.00053
6.00982, 7.00403
6.01381, 7.00751
6.0178, 7.01098
6.02178, 7.01444
6.02576, 7.0179
6.02973, 7.02134
6.0337, 7.02477
6.03767, 7.0282
6.04163, 7.03161
6.04559, 7.03501
6.04954, 7.03841
6.05349, 7.0418
6.05744, 7.04517
6.06138, 7.04854
6.06531, 7.0519
6.06925, 7.05525
6.07318, 7.05859
6.0771, 7.06192
6.08103, 7.06525
6.08495, 7.06856
6.08886, 7.07187
6.09277, 7.07517
6.09668, 7.07846
6.10058, 7.08175
6.10448, 7.08502
6.10837, 7.08829
6.11226, 7.09155
6.11615, 7.0948
6.12003, 7.09805
6.12391, 7.10129
6.12779, 7.10452
6.13166, 7.10774
6.13553, 7.11095
6.13939, 7.11416
6.14325, 7.11736
6.14711, 7.12056
6.15096, 7.12374
6.15481, 7.12692
6.15865, 7.13009
6.16249, 7.13326
6.16633, 7.13642
6.17016, 7.13957
6.17399, 7.14272
6.17781, 7.14586
6.18164, 7.14899
6.18545, 7.15212
6.18927, 7.15523
6.19308, 7.15835
6.19688, 7.16146
6.20069, 7.16456
6.20448, 7.16765
6.20828, 7.17074
6.21207, 7.17382
6.21586, 7.1769
6.21964, 7.17997
6.22342, 7.18303
6.22719, 7.18609
6.23097, 7.18914
6.23473, 7.19219
6.2385, 7.19523
6.24226, 7.19826
6.24602, 7.20129
6.24977, 7.20431
6.25352, 7.20733
6.25726, 7.21034
6.26101, 7.21335
6.26474, 7.21635
6.26848, 7.21935
6.27221, 7.22234
6.27594, 7.22532
6.27966, 7.2283
6.28338, 7.23128
6.28709, 7.23424
6.29081, 7.23721
6.29451, 7.24017
6.29822, 7.24312
6.30192, 7.24607
6.30562, 7.24901
6.30931, 7.25195
6.313, 7.25488
6.31669, 7.25781
6.32037, 7.26073
6.32405, 7.26365
6.32772, 7.26656
6.33139, 7.26947
6.33506, 7.27237
6.33872, 7.27527
6.34238, 7.27816
6.34604, 7.28105
6.34969, 7.28394
6.35334, 7.28682
6.35699, 7.28969
6.36063, 7.29256
6.36427, 7.29543
6.3679, 7.29829
6.37153, 7.30114
6.37516, 7.30399
6.37879, 7.30684
6.38241, 7.30968
6.38602, 7.31252
6.38964, 7.31535
6.39324, 7.31818
6.39685, 7.32101
6.40045, 7.32383
6.40405, 7.32664
6.40765, 7.32945
6.41124, 7.33226
6.41482, 7.33506
6.41841, 7.33786
6.42199, 7.34066
6.42557, 7.34345
6.42914, 7.34623
6.43271, 7.34901
6.43627, 7.35179
6.43984, 7.35456
6.4434, 7.35733
6.44695, 7.3601
6.4505, 7.36286
6.45405, 7.36561
6.4576, 7.36837
6.46114, 7.37111
6.46467, 7.37386
6.46821, 7.3766
6.47174, 7.37934
6.47527, 7.38207
6.47879, 7.3848
6.48231, 7.38752
6.48583, 7.39024
6.48934, 7.39296
6.49285, 7.39567
6.49635, 7.39838
6.49986, 7.40108
6.50336, 7.40379
6.50685, 7.40648
6.51034, 7.40918
6.51383, 7.41187
6.51732, 7.41455
6.5208, 7.41723
6.52428, 7.41991
6.52775, 7.42259
6.53122, 7.42526
6.53469, 7.42793
6.53815, 7.43059
6.54161, 7.43325
6.54507, 7.43591
6.54852, 7.43856
6.55197, 7.44121
6.55542, 7.44385
6.55886, 7.44649
6.5623, 7.44913
6.56574, 7.45177
6.56917, 7.4544
6.5726, 7.45702
6.57603, 7.45965
6.57945, 7.46227
6.58287, 7.46489
6.58628, 7.4675
6.5897, 7.47011
6.59311, 7.47271
6.59651, 7.47532
6.59991, 7.47792
6.60331, 7.48051
6.60671, 7.48311
6.6101, 7.48569
6.61349, 7.48828
6.61687, 7.49086
6.62025, 7.49344
6.62363, 7.49602
6.62701, 7.49859
6.63038, 7.50116
6.63375, 7.50372
6.63711, 7.50628
6.64047, 7.50884
6.64383, 7.5114
6.64719, 7.51395
6.65054, 7.5165
6.65389, 7.51905
6.65723, 7.52159
6.66057, 7.52413
6.66391, 7.52666
6.66724, 7.52919
6.67057, 7.53172
6.6739, 7.53425
6.67723, 7.53677
6.68055, 7.53929
6.68387, 7.54181
6.68718, 7.54432
6.69049, 7.54683
6.6938, 7.54934
6.6971, 7.55184
6.70041, 7.55434
6.7037, 7.55684
6.707, 7.55934
6.71029, 7.56183
6.71358, 7.56432
6.71686, 7.5668
6.72014, 7.56928
6.72342, 7.57176
6.7267, 7.57424
6.72997, 7.57671
6.73324, 7.57918
6.7365, 7.58165
6.73976, 7.58411
6.74302, 7.58657
6.74628, 7.58903
6.74953, 7.59148
6.75278, 7.59393
6.75602, 7.59638
6.75927, 7.59883
6.7625, 7.60127
6.76574, 7.60371
6.76897, 7.60615
6.7722, 7.60858
6.77543, 7.61101
6.77865, 7.61344
6.78187, 7.61586
6.78509, 7.61828
6.7883, 7.6207
6.79151, 7.62312
6.79472, 7.62553
6.79792, 7.62794
6.80112, 7.63035
6.80432, 7.63275
6.80751, 7.63516
6.8107, 7.63755
6.81389, 7.63995
6.81707, 7.64234
6.82025, 7.64473
6.82343, 7.64712
6.82661, 7.6495
6.82978, 7.65189
6.83295, 7.65426
6.83611, 7.65664
6.83927, 7.65901
6.84243, 7.66138
6.84559, 7.66375
6.84874, 7.66611
6.85189, 7.66848
6.85504, 7.67084
6.85818, 7.67319
6.86132, 7.67555
6.86446, 7.6779
6.86759, 7.68024
6.87072, 7.68259
6.87385, 7.68493
6.87697, 7.68727
6.88009, 7.68961
6.88321, 7.69194
6.88633, 7.69427
6.88944, 7.6966
6.89255, 7.69893
6.89565, 7.70125
6.89875, 7.70357
6.90185, 7.70589
6.90495, 7.70821
6.90804, 7.71052
6.91113, 7.71283
6.91422, 7.71514
6.9173, 7.71744
6.92038, 7.71974
6.92346, 7.72204
6.92653, 7.72434
6.92961, 7.72663
6.93267, 7.72892
6.93574, 7.73121
6.9388, 7.7335
6.94186, 7.73578
6.94492, 7.73806
6.94797, 7.74034
6.95102, 7.74262
6.95407, 7.74489
6.95711, 7.74716
6.96015, 7.74943
6.96319, 7.75169
6.96622, 7.75396
6.96925, 7.75622
6.97228, 7.75847
6.97531, 7.76073
6.97833, 7.76298
6.98135, 7.76523
6.98437, 7.76748
6.98738, 7.76972
6.99039, 7.77196
6.9934, 7.7742
6.9964, 7.77644
6.9994, 7.77868
7.0024, 7.78091
7.0054, 7.78314
7.00839, 7.78536
7.01138, 7.78759
7.01437, 7.78981
7.01735, 7.79203
7.02033, 7.79425
7.02331, 7.79646
7.02628, 7.79867
7.02925, 7.80088
7.03222, 7.80309
7.03519, 7.80529
7.03815, 7.8075
7.04111, 7.8097
7.04406, 7.81189
7.04702, 7.81409
7.04997, 7.81628
7.05292, 7.81847
7.05586, 7.82066
7.0588, 7.82284
7.06174, 7.82502
7.06468, 7.8272
7.06761, 7.82938
7.07054, 7.83156
7.07347, 7.83373
7.07639, 7.8359
7.07931, 7.83807
7.08223, 7.84023
7.08515, 7.8424
7.08806, 7.84456
7.09097, 7.84672
7.09387, 7.84887
7.09678, 7.85103
7.09968, 7.85318
7.10258, 7.85533
7.10547, 7.85747
7.10836, 7.85962
7.11125, 7.86176
7.11414, 7.8639
7.11702, 7.86603
7.1199, 7.86817
7.12278, 7.8703
7.12565, 7.87243
7.12853, 7.87456
7.13139, 7.87668
7.13426, 7.87881
7.13712, 7.88093
7.13998, 7.88305
7.14284, 7.88516
7.1457, 7.88727
7.14855, 7.88939
7.1514, 7.8915
7.15424, 7.8936
7.15708, 7.89571
7.15992, 7.89781
7.16276, 7.89991
7.1656, 7.90201
7.16843, 7.9041
7.17126, 7.90619
7.17408, 7.90828
7.17691, 7.91037
7.17973, 7.91246
7.18254, 7.91454
7.18536, 7.91662
7.18817, 7.9187
7.19098, 7.92078
7.19379, 7.92285
7.19659, 7.92493
7.19939, 7.927
7.20219, 7.92906
7.20498, 7.93113
7.20777, 7.93319
7.21056, 7.93526
7.21335, 7.93731
7.21613, 7.93937
7.21892, 7.94143
7.22169, 7.94348
7.22447, 7.94553
7.22724, 7.94758
7.23001, 7.94962
7.23278, 7.95166
7.23554, 7.95371
7.2383, 7.95575
7.24106, 7.95778
7.24382, 7.95982
7.24657, 7.96185
7.24932, 7.96388
7.25207, 7.96591
7.25482, 7.96793
7.25756, 7.96996
7.2603, 7.97198
7.26303, 7.974
7.26577, 7.97601
7.2685, 7.97803
7.27123, 7.98004
7.27395, 7.98205
7.27668, 7.98406
7.2794, 7.98607
7.28211, 7.98807
7.28483, 7.99007
7.28754, 7.99207
7.29025, 7.99407
7.29296, 7.99607
7.29566, 7.99806
7.29836, 8.00005
7.30106, 8.00204
7.30376, 8.00403
7.30645, 8.00601
7.30914, 8.008
7.31183, 8.00998
7.31451, 8.01196
7.31719, 8.01393
7.31987, 8.01591
7.32255, 8.01788
7.32522, 8.01985
7.3279, 8.02182
7.33056, 8.02379
7.33323, 8.02575
7.33589, 8.02772
7.33856, 8.02968
7.34121, 8.03164
7.34387, 8.03359
7.34652, 8.03555
7.34917, 8.0375
7.35182, 8.03945
7.35446, 8.0414
7.35711, 8.04335
7.35975, 8.0453
7.36238, 8.04724
7.36502, 8.04918
7.36765, 8.05112
7.37028, 8.05306
7.3729, 8.05499
7.37553, 8.05693
7.37815, 8.05886
7.38077, 8.06079
7.38338, 8.06272
7.386, 8.06464
7.38861, 8.06657
7.39121, 8.06849
7.39382, 8.07041
7.39642, 8.07233
7.39902, 8.07424
7.40162, 8.07616
7.40421, 8.07807
7.40681, 8.07998
7.4094, 8.08189
7.41198, 8.0838
7.41457, 8.0857
7.41715, 8.0876
7.41973, 8.0895
7.42231, 8.0914
7.42488, 8.0933
7.42745, 8.09519
7.43002, 8.09709
7.43259, 8.09898
7.43515, 8.10087
7.43771, 8.10275
7.44027, 8.10464
7.44283, 8.10652
7.44538, 8.10841
7.44793, 8.11028
7.45048, 8.11216
7.45303, 8.11404
7.45557, 8.11591
7.45811, 8.11778
7.46065, 8.11965
7.46318, 8.12152
7.46572, 8.12339
7.46825, 8.12525
7.47077, 8.12712
7.4733, 8.12898
7.47582, 8.13084
7.47834, 8.13269
7.48086, 8.13455
7.48338, 8.1364
7.48589, 8.13825
7.4884, 8.1401
7.49091, 8.14195
7.49341, 8.1438
7.49591, 8.14564
7.49841, 8.14748
7.50091, 8.14932
7.50341, 8.15116
7.5059, 8.153
7.50839, 8.15483
7.51088, 8.15667
7.51336, 8.1585
7.51585, 8.16033
7.51833, 8.16215
7.5208, 8.16398
7.52328, 8.1658
7.52575, 8.16762
7.52822, 8.16944
7.53069, 8.17126
7.53316, 8.17308
7.53562, 8.17489
7.53808, 8.1767
7.54054, 8.17851
7.54299, 8.18032
7.54544, 8.18213
7.54789, 8.18394
7.55034, 8.18574
7.55279, 8.18754
7.55523, 8.18934
7.55767, 8.19114
7.56011, 8.19293
7.56255, 8.19473
7.56498, 8.19652
7.56741, 8.19831
7.56984, 8.2001
7.57226, 8.20189
7.57469, 8.20367
7.57711, 8.20546
7.57953, 8.20724
7.58194, 8.20902
7.58436, 8.2108
7.58677, 8.21257
7.58918, 8.21435
7.59158, 8.21612
7.59399, 8.21789
7.59639, 8.21966
7.59879, 8.22143
7.60119, 8.22319
7.60358, 8.22495
7.60597, 8.22672
7.60836, 8.22848
7.61075, 8.23023
7.61313, 8.23199
7.61552, 8.23375
7.6179, 8.2355
7.62027, 8.23725
7.62265, 8.239
7.62502, 8.24075
7.62739, 8.24249
7.62976, 8.24424
7.63213, 8.24598
7.63449, 8.24772
7.63685, 8.24946
7.63921, 8.2512
7.64157, 8.25293
7.64392, 8.25466
7.64627, 8.2564
7.64862, 8.25813
7.65097, 8.25985
7.65331, 8.26158
7.65565, 8.26331
7.65799, 8.26503
7.66033, 8.26675
7.66267, 8.26847
7.665, 8.27019
7.66733, 8.2719
7.66966, 8.27362
7.67198, 8.27533
7.67431, 8.27704
7.67663, 8.27875
7.67895, 8.28046
7.68126, 8.28216
7.68358, 8.28387
7.68589, 8.28557
7.6882, 8.28727
7.6905, 8.28897
7.69281, 8.29067
7.69511, 8.29236
7.69741, 8.29406
7.69971, 8.29575
7.702, 8.29744
7.7043, 8.29913
7.70659, 8.30081
7.70888, 8.3025
7.71116, 8.30418
7.71345, 8.30586
7.71573, 8.30754
7.71801, 8.30922
7.72028, 8.3109
7.72256, 8.31257
7.72483, 8.31425
7.7271, 8.31592
7.72937, 8.31759
7.73164, 8.31925
7.7339, 8.32092
7.73616, 8.32259
7.73842, 8.32425
7.74068, 8.32591
7.74293, 8.32757
7.74518, 8.32923
7.74743, 8.33088
7.74968, 8.33254
7.75192, 8.33419
7.75417, 8.33584
7.75641, 8.33749
7.75865, 8.33914
7.76088, 8.34079
7.76312, 8.34243
7.76535, 8.34407
7.76758, 8.34571
7.7698, 8.34735
7.77203, 8.34899
7.77425, 8.35063
7.77647, 8.35226
7.77869, 8.3539
7.78091, 8.35553
7.78312, 8.35716
7.78533, 8.35878
7.78754, 8.36041
7.78975, 8.36204
7.79195, 8.36366
7.79416, 8.36528
7.79636, 8.3669
7.79856, 8.36852
7.80075, 8.37013
7.80295, 8.37175
7.80514, 8.37336
7.80733, 8.37497
7.80951, 8.37658
7.8117, 8.37819
7.81388, 8.3798
7.81606, 8.3814
7.81824, 8.38301
7.82042, 8.38461
7.82259, 8.38621
7.82476, 8.38781
7.82693, 8.3894
7.8291, 8.391
7.83127, 8.39259
7.83343, 8.39418
7.83559, 8.39578
7.83775, 8.39736
7.8399, 8.39895
7.84206, 8.40054
7.84421, 8.40212
7.84636, 8.4037
7.84851, 8.40528
7.85066, 8.40686
7.8528, 8.40844
7.85494, 8.41002
7.85708, 8.41159
7.85922, 8.41316
7.86135, 8.41473
7.86349, 8.4163
7.86562, 8.41787
7.86774, 8.41944
7.86987, 8.421
7.872, 8.42257
7.87412, 8.42413
7.87624, 8.42569
7.87836, 8.42725
7.88047, 8.4288
7.88258, 8.43036
7.8847, 8.43191
7.88681, 8.43346
7.88891, 8.43502
7.89102, 8.43656
7.89312, 8.43811
7.89522, 8.43966
7.89732, 8.4412
7.89942, 8.44274
7.90151, 8.44429
7.9036, 8.44582
7.90569, 8.44736
7.90778, 8.4489
7.90987, 8.45043
7.91195, 8.45197
7.91404, 8.4535
7.91612, 8.45503
7.91819, 8.45656
7.92027, 8.45809
7.92234, 8.45961
7.92441, 8.46113
7.92648, 8.46266
7.92855, 8.46418
7.93062, 8.4657
7.93268, 8.46722
7.93474, 8.46873
7.9368, 8.47025
7.93886, 8.47176
7.94091, 8.47327
7.94296, 8.47478
7.94501, 8.47629
7.94706, 8.4778
7.94911, 8.4793
7.95115, 8.48081
7.9532, 8.48231
7.95524, 8.48381
7.95728, 8.48531
7.95931, 8.48681
7.96135, 8.4883
7.96338, 8.4898
7.96541, 8.49129
7.96744, 8.49278
7.96946, 8.49427
7.97149, 8.49576
7.97351, 8.49725
7.97553, 8.49874
7.97755, 8.50022
7.97956, 8.5017
7.98158, 8.50318
7.98359, 8.50466
7.9856, 8.50614
7.98761, 8.50762
7.98961, 8.50909
7.99162, 8.51057
7.99362, 8.51204
7.99562, 8.51351
7.99761, 8.51498
7.99961, 8.51645
8.0016, 8.51791
8.0036, 8.51938
8.00559, 8.52084
8.00757, 8.5223
8.00956, 8.52376
8.01154, 8.52522
8.01352, 8.52668
8.0155, 8.52814
8.01748, 8.52959
8.01946, 8.53104
8.02143, 8.53249
8.0234, 8.53394
8.02537, 8.53539
8.02734, 8.53684
8.02931, 8.53828
8.03127, 8.53973
8.03323, 8.54117
8.03519, 8.54261
8.03715, 8.54405
8.03911, 8.54549
8.04106, 8.54693
8.04301, 8.54836
8.04496, 8.5498
8.04691, 8.55123
8.04886, 8.55266
8.0508, 8.55409
8.05274, 8.55552
8.05468, 8.55694
8.05662, 8.55837
8.05856, 8.55979
8.06049, 8.56121
8.06242, 8.56263
8.06435, 8.56405
8.06628, 8.56547
8.06821, 8.56689
8.07013, 8.5683
8.07206, 8.56972
8.07398, 8.57113
8.07589, 8.57254
8.07781, 8.57395
8.07973, 8.57536
8.08164, 8.57676
8.08355, 8.57817
8.08546, 8.57957
8.08737, 8.58097
8.08927, 8.58237
8.09118, 8.58377
8.09308, 8.58517
8.09498, 8.58657
8.09687, 8.58796
8.09877, 8.58935
8.10066, 8.59075
8.10256, 8.59214
8.10445, 8.59353
8.10633, 8.59491
8.10822, 8.5963
8.1101, 8.59769
8.11199, 8.59907
8.11387, 8.60045
8.11574, 8.60183
8.11762, 8.60321
8.1195, 8.60459
8.12137, 8.60597
8.12324, 8.60734
8.12511, 8.60871
8.12698, 8.61009
8.12884, 8.61146
8.13071, 8.61283
8.13257, 8.6142
8.13443, 8.61556
8.13628, 8.61693
8.13814, 8.61829
8.13999, 8.61965
8.14185, 8.62102
8.1437, 8.62238
8.14555, 8.62373
8.14739, 8.62509
8.14924, 8.62645
8.15108, 8.6278
8.15292, 8.62915
8.15476, 8.63051
8.1566, 8.63186
8.15843, 8.6332
8.16027, 8.63455
8.1621, 8.6359
8.16393, 8.63724
8.16576, 8.63859
8.16758, 8.63993
8.16941, 8.64127
8.17123, 8.64261
8.17305, 8.64394
8.17487, 8.64528
8.17669, 8.64662
8.1785, 8.64795
8.18031, 8.64928
8.18213, 8.65061
8.18394, 8.65194
8.18574, 8.65327
8.18755, 8.6546
8.18935, 8.65592
8.19116, 8.65725
8.19296, 8.65857
8.19476, 8.65989
8.19655, 8.66121
8.19835, 8.66253
8.20014, 8.66385
8.20193, 8.66516
8.20372, 8.66648
8.20551, 8.66779
8.2073, 8.66911
8.20908, 8.67042
8.21086, 8.67173
8.21264, 8.67303
8.21442, 8.67434
8.2162, 8.67565
8.21798, 8.67695
8.21975, 8.67825
8.22152, 8.67955
8.22329, 8.68085
8.22506, 8.68215
8.22682, 8.68345
8.22859, 8.68475
8.23035, 8.68604
8.23211, 8.68733
8.23387, 8.68863
8.23563, 8.68992
8.23739, 8.69121
8.23914, 8.6925
8.24089, 8.69378
8.24264, 8.69507
8.24439, 8.69635
8.24614, 8.69764
8.24788, 8.69892
8.24963, 8.7002
8.25137, 8.70148
8.25311, 8.70275
8.25485, 8.70403
8.25658, 8.70531
8.25832, 8.70658
8.26005, 8.70785
8.26178, 8.70912
8.26351, 8.71039
8.26524, 8.71166
8.26696, 8.71293
8.26869, 8.7142
8.27041, 8.71546
8.27213, 8.71672
8.27385, 8.71799
8.27557, 8.71925
8.27728, 8.72051
8.27899, 8.72176
8.28071, 8.72302
8.28242, 8.72428
8.28413, 8.72553
8.28583, 8.72678
8.28754, 8.72804
8.28924, 8.72929
8.29094, 8.73054
8.29264, 8.73178
8.29434, 8.73303
8.29604, 8.73428
8.29773, 8.73552
8.29942, 8.73676
8.30112, 8.73801
8.3028, 8.73925
8.30449, 8.74049
8.30618, 8.74172
8.30786, 8.74296
8.30955, 8.74419
8.31123, 8.74543
8.31291, 8.74666
8.31458, 8.74789
8.31626, 8.74912
8.31793, 8.75035
8.31961, 8.75158
8.32128, 8.75281
8.32295, 8.75403
8.32461, 8.75526
8.32628, 8.75648
8.32794, 8.7577
8.32961, 8.75892
8.33127, 8.76014
8.33293, 8.76136
8.33458, 8.76257
8.33624, 8.76379
8.33789, 8.765
8.33955, 8.76622
8.3412, 8.76743
8.34285, 8.76864
8.34449, 8.76985
8.34614, 8.77106
8.34778, 8.77226
8.34943, 8.77347
8.35107, 8.77467
8.35271, 8.77587
8.35434, 8.77708
8.35598, 8.77828
8.35761, 8.77948
8.35925, 8.78067
8.36088, 8.78187
8.36251, 8.78307
8.36413, 8.78426
8.36576, 8.78545
8.36738, 8.78665
8.36901, 8.78784
8.37063, 8.78903
8.37225, 8.79021
8.37386, 8.7914
8.37548, 8.79259
8.37709, 8.79377
8.37871, 8.79495
8.38032, 8.79614
8.38193, 8.79732
8.38354, 8.7985
8.38514, 8.79968
8.38675, 8.80085
8.38835, 8.80203
8.38995, 8.8032
8.39155, 8.80438
8.39315, 8.80555
8.39474, 8.80672
8.39634, 8.80789
8.39793, 8.80906
8.39952, 8.81023
8.40111, 8.8114
8.4027, 8.81256
8.40429, 8.81372
8.40588, 8.81489
8.40746, 8.81605
8.40904, 8.81721
8.41062, 8.81837
8.4122, 8.81953
8.41378, 8.82068
8.41535, 8.82184
8.41693, 8.82299
8.4185, 8.82415
8.42007, 8.8253
8.42164, 8.82645
8.42321, 8.8276
8.42477, 8.82875
8.42634, 8.8299
8.4279, 8.83104
8.42946, 8.83219
8.43102, 8.83333
8.43258, 8.83448
8.43414, 8.83562
8.43569, 8.83676
8.43725, 8.8379
8.4388, 8.83904
8.44035, 8.84017
8.4419, 8.84131
8.44344, 8.84244
8.44499, 8.84358
8.44653, 8.84471
8.44808, 8.84584
8.44962, 8.84697
8.45116, 8.8481
8.45269, 8.84923
8.45423, 8.85035
8.45576, 8.85148
8.4573, 8.8526
8.45883, 8.85373
8.46036, 8.85485
8.46189, 8.85597
8.46342, 8.85709
8.46494, 8.85821
8.46646, 8.85932
8.46799, 8.86044
8.46951, 8.86156
8.47103, 8.86267
8.47254, 8.86378
8.47406, 8.86489
8.47558, 8.866
8.47709, 8.86711
8.4786, 8.86822
8.48011, 8.86933
8.48162, 8.87043
8.48313, 8.87154
8.48463, 8.87264
8.48613, 8.87375
8.48764, 8.87485
8.48914, 8.87595
8.49064, 8.87705
8.49214, 8.87814
8.49363, 8.87924
8.49513, 8.88034
8.49662, 8.88143
8.49811, 8.88253
8.4996, 8.88362
8.50109, 8.88471
8.50258, 8.8858
8.50406, 8.88689
8.50555, 8.88798
8.50703, 8.88906
8.50851, 8.89015
8.50999, 8.89123
8.51147, 8.89232
8.51295, 8.8934
8.51442, 8.89448
8.51589, 8.89556
8.51737, 8.89664
8.51884, 8.89772
8.52031, 8.89879
8.52177, 8.89987
8.52324, 8.90094
8.52471, 8.90202
8.52617, 8.90309
8.52763, 8.90416
8.52909, 8.90523
8.53055, 8.9063
8.53201, 8.90737
8.53346, 8.90844
8.53492, 8.9095
8.53637, 8.91057
8.53782, 8.91163
8.53927, 8.91269
8.54072, 8.91375
8.54217, 8.91481
8.54361, 8.91587
8.54506, 8.91693
8.5465, 8.91799
8.54794, 8.91904
8.54938, 8.9201
8.55082, 8.92115
8.55226, 8.92221
8.55369, 8.92326
8.55513, 8.92431
8.55656, 8.92536
8.55799, 8.92641
8.55942, 8.92745
8.56085, 8.9285
8.56227, 8.92954
8.5637, 8.93059
8.56512, 8.93163
8.56654, 8.93267
8.56797, 8.93371
8.56938, 8.93475
8.5708, 8.93579
8.57222, 8.93683
8.57363, 8.93787
8.57505, 8.9389
8.57646, 8.93994
8.57787, 8.94097
8.57928, 8.942
8.58069, 8.94303
8.5821, 8.94406
8.5835, 8.94509
8.5849, 8.94612
8.58631, 8.94715
8.58771, 8.94817
8.58911, 8.9492
8.5905, 8.95022
8.5919, 8.95125
8.5933, 8.95227
8.59469, 8.95329
8.59608, 8.95431
8.59747, 8.95533
8.59886, 8.95634
8.60025, 8.95736
8.60164, 8.95838
8.60302, 8.95939
8.60441, 8.9604
8.60579, 8.96142
8.60717, 8.96243
8.60855, 8.96344
8.60993, 8.96445
8.6113, 8.96545
8.61268, 8.96646
8.61405, 8.96747
8.61543, 8.96847
8.6168, 8.96948
8.61817, 8.97048
8.61954, 8.97148
8.6209, 8.97248
8.62227, 8.97348
8.62363, 8.97448
8.625, 8.97548
8.62636, 8.97648
8.62772, 8.97747
8.62908, 8.97847
8.63043, 8.97946
8.63179, 8.98045
8.63314, 8.98144
8.6345, 8.98243
8.63585, 8.98342
8.6372, 8.98441
8.63855, 8.9854
8.6399, 8.98639
8.64124, 8.98737
8.64259, 8.98836
8.64393, 8.98934
8.64527, 8.99032
8.64662, 8.9913
8.64795, 8.99229
8.64929, 8.99326
8.65063, 8.99424
8.65197, 8.99522
8.6533, 8.9962
8.65463, 8.99717
8.65596, 8.99815
8.65729, 8.99912
8.65862, 9.00009
8.65995, 9.00106
8.66128, 9.00203
8.6626, 9.003
8.66392, 9.00397
8.66525, 9.00494
8.66657, 9.00591
8.66789, 9.00687
8.6692, 9.00784
8.67052, 9.0088
8.67184, 9.00976
8.67315, 9.01072
8.67446, 9.01168
8.67577, 9.01264
8.67708, 9.0136
8.67839, 9.01456
8.6797, 9.01552
8.68101, 9.01647
8.68231, 9.01743
8.68361, 9.01838
8.68492, 9.01933
8.68622, 9.02028
8.68752, 9.02123
8.68881, 9.02218
8.69011, 9.02313
8.69141, 9.02408
8.6927, 9.02503
8.69399, 9.02597
8.69528, 9.02692
8.69657, 9.02786
8.69786, 9.0288
8.69915, 9.02975
8.70044, 9.03069
8.70172, 9.03163
8.703, 9.03256
8.70429, 9.0335
8.70557, 9.03444
8.70685, 9.03538
8.70813, 9.03631
8.7094, 9.03724
8.71068, 9.03818
8.71195, 9.03911
8.71323, 9.04004
8.7145, 9.04097
8.71577, 9.0419
8.71704, 9.04283
8.71831, 9.04376
8.71957, 9.04468
8.72084, 9.04561
8.7221, 9.04653
8.72336, 9.04746
8.72463, 9.04838
8.72589, 9.0493
8.72714, 9.05022
8.7284, 9.05114
8.72966, 9.05206
8.73091, 9.05298
8.73217, 9.05389
8.73342, 9.05481
8.73467, 9.05572
8.73592, 9.05664
8.73717, 9.05755
8.73842, 9.05846
8.73966, 9.05937
8.74091, 9.06028
8.74215, 9.06119
8.74339, 9.0621
8.74464, 9.06301
8.74588, 9.06392
8.74711, 9.06482
8.74835, 9.06573
8.74959, 9.06663
8.75082, 9.06753
8.75206, 9.06843
8.75329, 9.06933
8.75452, 9.07023
8.75575, 9.07113
8.75698, 9.07203
8.75821, 9.07293
8.75943, 9.07382
8.76066, 9.07472
8.76188, 9.07561
8.7631, 9.07651
8.76432, 9.0774
8.76554, 9.07829
8.76676, 9.07918
8.76798, 9.08007
8.76919, 9.08096
8.77041, 9.08185
8.77162, 9.08274
8.77284, 9.08362
8.77405, 9.08451
8.77526, 9.08539
8.77647, 9.08627
8.77767, 9.08716
8.77888, 9.08804
8.78008, 9.08892
8.78129, 9.0898
8.78249, 9.09068
8.78369, 9.09155
8.78489, 9.09243
8.78609, 9.09331
8.78729, 9.09418
8.78848, 9.09506
8.78968, 9.09593
8.79087, 9.0968
8.79207, 9.09767
8.79326, 9.09854
8.79445, 9.09941
8.79564, 9.10028
8.79682, 9.10115
8.79801, 9.10202
8.7992, 9.10288
8.80038, 9.10375
8.80156, 9.10461
8.80275, 9.10548
8.80393, 9.10634
8.80511, 9.1072
8.80628, 9.10806
8.80746, 9.10892
8.80864, 9.10978
8.80981, 9.11064
8.81099, 9.1115
8.81216, 9.11235
8.81333, 9.11321
8.8145, 9.11406
8.81567, 9.11491
8.81683, 9.11577
8.818, 9.11662
8.81917, 9.11747
8.82033, 9.11832
8.82149, 9.11917
8.82265, 9.12002
8.82381, 9.12086
8.82497, 9.12171
8.82613, 9.12256
8.82729, 9.1234
8.82844, 9.12425
8.8296, 9.12509
8.83075, 9.12593
8.8319, 9.12677
8.83305, 9.12761
8.8342, 9.12845
8.83535, 9.12929
8.8365, 9.13013
8.83765, 9.13097
8.83879, 9.1318
8.83994, 9.13264
8.84108, 9.13347
8.84222, 9.1343
8.84336, 9.13514
8.8445, 9.13597
8.84564, 9.1368
8.84677, 9.13763
8.84791, 9.13846
8.84904, 9.13929
8.85018, 9.14011
8.85131, 9.14094
8.85244, 9.14177
8.85357, 9.14259
8.8547, 9.14342
8.85583, 9.14424
8.85695, 9.14506
8.85808, 9.14588
8.8592, 9.1467
8.86033, 9.14752
8.86145, 9.14834
8.86257, 9.14916
8.86369, 9.14998
8.86481, 9.15079
8.86592, 9.15161
8.86704, 9.15242
8.86815, 9.15324
8.86927, 9.15405
8.87038, 9.15486
8.87149, 9.15567
8.8726, 9.15648
8.87371, 9.15729
8.87482, 9.1581
8.87593, 9.15891
8.87703, 9.15972
8.87814, 9.16052
8.87924, 9.16133
8.88034, 9.16213
8.88145, 9.16294
8.88255, 9.16374
8.88365, 9.16454
8.88474, 9.16534
8.88584, 9.16614
8.88694, 9.16694
8.88803, 9.16774
8.88912, 9.16854
8.89022, 9.16933
8.89131, 9.17013
8.8924, 9.17093
8.89349, 9.17172
8.89458, 9.17251
8.89566, 9.17331
8.89675, 9.1741
8.89783, 9.17489
8.89892, 9.17568
8.9, 9.17647
8.90108, 9.17726
8.90216, 9.17805
8.90324, 9.17883
8.90432, 9.17962
8.90539, 9.18041
8.90647, 9.18119
8.90754, 9.18197
8.90862, 9.18276
8.90969, 9.18354
8.91076, 9.18432
8.91183, 9.1851
8.9129, 9.18588
8.91397, 9.18666
8.91504, 9.18744
8.9161, 9.18822
8.91717, 9.18899
8.91823, 9.18977
8.91929, 9.19054
8.92036, 9.19132
8.92142, 9.19209
8.92247, 9.19286
8.92353, 9.19364
8.92459, 9.19441
8.92565, 9.19518
8.9267, 9.19595
8.92776, 9.19671
8.92881, 9.19748
8.92986, 9.19825
8.93091, 9.19901
8.93196, 9.19978
8.93301, 9.20054
8.93406, 9.20131
8.9351, 9.20207
8.93615, 9.20283
8.93719, 9.20359
8.93824, 9.20435
8.93928, 9.20511
8.94032, 9.20587
8.94136, 9.20663
8.9424, 9.20739
8.94344, 9.20815
8.94447, 9.2089
8.94551, 9.20966
8.94654, 9.21041
8.94758, 9.21116
8.94861, 9.21192
8.94964, 9.21267
8.95067, 9.21342
8.9517, 9.21417
8.95273, 9.21492
8.95376, 9.21567
8.95478, 9.21642
8.95581, 9.21716
8.95683, 9.21791
8.95786, 9.21865
8.95888, 9.2194
8.9599, 9.22014
8.96092, 9.22089
8.96194, 9.22163
8.96296, 9.22237
8.96397, 9.22311
8.96499, 9.22385
8.966, 9.22459
8.96702, 9.22533
8.96803, 9.22607
8.96904, 9.22681
8.97005, 9.22754
8.97106, 9.22828
8.97207, 9.22901
8.97308, 9.22975
8.97408, 9.23048
8.97509, 9.23121
8.97609, 9.23194
8.9771, 9.23267
8.9781, 9.2334
8.9791, 9.23413
8.9801, 9.23486
8.9811, 9.23559
8.9821, 9.23632
8.9831, 9.23704
8.98409, 9.23777
8.98509, 9.23849
8.98608, 9.23922
8.98707, 9.23994
8.98807, 9.24066
8.98906, 9.24139
8.99005, 9.24211
8.99104, 9.24283
8.99202, 9.24355
8.99301, 9.24427
8.994, 9.24498
8.99498, 9.2457
8.99597, 9.24642
8.99695, 9.24713
8.99793, 9.24785
8.99891, 9.24856
8.99989, 9.24928
9.00087, 9.24999
9.00185, 9.2507
9.00283, 9.25141
9.0038, 9.25212
9.00478, 9.25283
9.00575, 9.25354
9.00672, 9.25425
9.0077, 9.25496
9.00867, 9.25567
9.00964, 9.25637
9.01061, 9.25708
9.01157, 9.25778
9.01254, 9.25849
9.01351, 9.25919
9.01447, 9.25989
9.01544, 9.26059
9.0164, 9.26129
9.01736, 9.26199
9.01832, 9.26269
9.01928, 9.26339
9.02024, 9.26409
9.0212, 9.26479
9.02216, 9.26549
9.02311, 9.26618
9.02407, 9.26688
9.02502, 9.26757
9.02597, 9.26826
9.02693, 9.26896
9.02788, 9.26965
9.02883, 9.27034
9.02978, 9.27103
9.03072, 9.27172
9.03167, 9.27241
9.03262, 9.2731
9.03356, 9.27379
9.03451, 9.27448
9.03545, 9.27516
9.03639, 9.27585
9.03734, 9.27653
9.03828, 9.27722
9.03922, 9.2779
9.04015, 9.27858
9.04109, 9.27927
9.04203, 9.27995
9.04296, 9.28063
9.0439, 9.28131
9.04483, 9.28199
9.04577, 9.28267
9.0467, 9.28334
9.04763, 9.28402
9.04856, 9.2847
9.04949, 9.28537
9.05041, 9.28605
9.05134, 9.28672
9.05227, 9.2874
9.05319, 9.28807
9.05412, 9.28874
9.05504, 9.28941
9.05596, 9.29008
9.05688, 9.29075
9.0578, 9.29142
9.05872, 9.29209
9.05964, 9.29276
9.06056, 9.29343
9.06148, 9.29409
9.06239, 9.29476
9.06331, 9.29543
9.06422, 9.29609
9.06513, 9.29675
9.06605, 9.29742
9.06696, 9.29808
9.06787, 9.29874
9.06878, 9.2994
9.06968, 9.30006
9.07059, 9.30072
9.0715, 9.30138
9.0724, 9.30204
9.07331, 9.3027
9.07421, 9.30335
9.07511, 9.30401
9.07601, 9.30467
9.07692, 9.30532
9.07781, 9.30597
9.07871, 9.30663
9.07961, 9.30728
9.08051, 9.30793
9.0814, 9.30858
9.0823, 9.30924
9.08319, 9.30989
9.08409, 9.31053
9.08498, 9.31118
9.08587, 9.31183
9.08676, 9.31248
9.08765, 9.31313
9.08854, 9.31377
9.08943, 9.31442
9.09031, 9.31506
9.0912, 9.31571
9.09209, 9.31635
9.09297, 9.31699
9.09385, 9.31763
9.09474, 9.31827
9.09562, 9.31891
9.0965, 9.31955
9.09738, 9.32019
9.09826, 9.32083
9.09913, 9.32147
9.10001, 9.32211
9.10089, 9.32274
9.10176, 9.32338
9.10264, 9.32402
9.10351, 9.32465
9.10438, 9.32528
9.10525, 9.32592
9.10612, 9.32655
9.10699, 9.32718
9.10786, 9.32781
9.10873, 9.32844
9.1096, 9.32907
9.11046, 9.3297
9.11133, 9.33033
9.11219, 9.33096
9.11306, 9.33159
9.11392, 9.33221
9.11478, 9.33284
9.11564, 9.33346
9.1165, 9.33409
9.11736, 9.33471
9.11822, 9.33534
9.11907, 9.33596
9.11993, 9.33658
9.12079, 9.3372
9.12164, 9.33782
9.12249, 9.33844
9.12335, 9.33906
9.1242, 9.33968
9.12505, 9.3403
9.1259, 9.34092
9.12675, 9.34153
9.1276, 9.34215
9.12845, 9.34276
9.12929, 9.34338
9.13014, 9.34399
9.13098, 9.34461
9.13183, 9.34522
9.13267, 9.34583
9.13351, 9.34644
9.13435, 9.34705
9.13519, 9.34766
9.13603, 9.34827
9.13687, 9.34888
9.13771, 9.34949
9.13855, 9.3501
9.13938, 9.35071
9.14022, 9.35131
9.14105, 9.35192
9.14189, 9.35252
9.14272, 9.35313
9.14355, 9.35373
9.14438, 9.35434
9.14521, 9.35494
9.14604, 9.35554
9.14687, 9.35614
9.1477, 9.35674
9.14853, 9.35734
9.14935, 9.35794
9.15018, 9.35854
9.151, 9.35914
9.15182, 9.35974
9.15265, 9.36033
9.15347, 9.36093
9.15429, 9.36153
9.15511, 9.36212
9.15593, 9.36272
9.15675, 9.36331
9.15756, 9.3639
9.15838, 9.3645
9.1592, 9.36509
9.16001, 9.36568
9.16083, 9.36627
9.16164, 9.36686
9.16245, 9.36745
9.16326, 9.36804
9.16407, 9.36863
9.16488, 9.36921
9.16569, 9.3698
9.1665, 9.37039
9.16731, 9.37097
9.16811, 9.37156
9.16892, 9.37214
9.16972, 9.37273
9.17053, 9.37331
9.17133, 9.37389
9.17213, 9.37447
9.17294, 9.37506
9.17374, 9.37564
9.17454, 9.37622
9.17533, 9.3768
9.17613, 9.37738
9.17693, 9.37795
9.17773, 9.37853
9.17852, 9.37911
9.17932, 9.37969
9.18011, 9.38026
9.1809, 9.38084
9.1817, 9.38141
9.18249, 9.38199
9.18328, 9.38256
9.18407, 9.38313
9.18486, 9.3837
9.18565, 9.38428
9.18643, 9.38485
9.18722, 9.38542
9.18801, 9.38599
9.18879, 9.38656
9.18958, 9.38713
9.19036, 9.38769
9.19114, 9.38826
9.19192, 9.38883
9.19271, 9.38939
9.19349, 9.38996
9.19427, 9.39052
9.19504, 9.39109
9.19582, 9.39165
9.1966, 9.39222
9.19737, 9.39278
9.19815, 9.39334
9.19892, 9.3939
9.1997, 9.39446
9.20047, 9.39502
9.20124, 9.39558
9.20202, 9.39614
9.20279, 9.3967
9.20356, 9.39726
9.20432, 9.39782
9.20509, 9.39837
9.20586, 9.39893
9.20663, 9.39949
9.20739, 9.40004
9.20816, 9.40059
9.20892, 9.40115
9.20969, 9.4017
9.21045, 9.40225
9.21121, 9.40281
9.21197, 9.40336
9.21273, 9.40391
9.21349, 9.40446
9.21425, 9.40501
9.21501, 9.40556
9.21576, 9.40611
9.21652, 9.40665
9.21728, 9.4072
9.21803, 9.40775
9.21878, 9.4083
9.21954, 9.40884
9.22029, 9.40939
9.22104, 9.40993
9.22179, 9.41047
9.22254, 9.41102
9.22329, 9.41156
9.22404, 9.4121
9.22479, 9.41265
9.22554, 9.41319
9.22628, 9.41373
9.22703, 9.41427
9.22777, 9.41481
9.22852, 9.41535
9.22926, 9.41588
9.23, 9.41642
9.23074, 9.41696
9.23148, 9.41749
9.23222, 9.41803
9.23296, 9.41857
9.2337, 9.4191
9.23444, 9.41964
9.23518, 9.42017
9.23591, 9.4207
9.23665, 9.42123
9.23738, 9.42177
9.23812, 9.4223
9.23885, 9.42283
9.23958, 9.42336
9.24031, 9.42389
9.24104, 9.42442
9.24177, 9.42495
9.2425, 9.42547
9.24323, 9.426
9.24396, 9.42653
9.24469, 9.42706
9.24541, 9.42758
9.24614, 9.42811
9.24686, 9.42863
9.24759, 9.42916
9.24831, 9.42968
9.24903, 9.4302
9.24976, 9.43073
9.25048, 9.43125
9.2512, 9.43177
9.25192, 9.43229
9.25264, 9.43281
9.25335, 9.43333
9.25407, 9.43385
9.25479, 9.43437
9.2555, 9.43489
9.25622, 9.4354
9.25693, 9.43592
9.25765, 9.43644
9.25836, 9.43695
9.25907, 9.43747
9.25978, 9.43798
9.26049, 9.4385
9.2612, 9.43901
9.26191, 9.43952
9.26262, 9.44004
9.26333, 9.44055
9.26404, 9.44106
9.26474, 9.44157
9.26545, 9.44208
9.26615, 9.44259
9.26686, 9.4431
9.26756, 9.44361
9.26826, 9.44412
9.26896, 9.44463
9.26966, 9.44513
9.27037, 9.44564
9.27106, 9.44615
9.27176, 9.44665
9.27246, 9.44716
9.27316, 9.44766
9.27386, 9.44817
9.27455, 9.44867
9.27525, 9.44917
9.27594, 9.44967
9.27664, 9.45018
9.27733, 9.45068
9.27802, 9.45118
9.27871, 9.45168
9.2794, 9.45218
9.28009, 9.45268
9.28078, 9.45318
9.28147, 9.45367
9.28216, 9.45417
9.28285, 9.45467
9.28353, 9.45517
9.28422, 9.45566
9.28491, 9.45616
9.28559, 9.45665
9.28627, 9.45715
9.28696, 9.45764
9.28764, 9.45813
9.28832, 9.45863
9.289, 9.45912
9.28968, 9.45961
9.29036, 9.4601
9.29104, 9.46059
9.29172, 9.46108
9.2924, 9.46157
9.29307, 9.46206
9.29375, 9.46255
9.29442, 9.46304
9.2951, 9.46353
9.29577, 9.46401
9.29645, 9.4645
9.29712, 9.46499
9.29779, 9.46547
9.29846, 9.46596
9.29913, 9.46644
9.2998, 9.46693
9.30047, 9.46741
9.30114, 9.46789
9.30181, 9.46837
9.30247, 9.46886
9.30314, 9.46934
9.3038, 9.46982
9.30447, 9.4703
9.30513, 9.47078
9.3058, 9.47126
9.30646, 9.47174
9.30712, 9.47222
9.30778, 9.47269
9.30844, 9.47317
9.3091, 9.47365
9.30976, 9.47412
9.31042, 9.4746
9.31108, 9.47508
9.31174, 9.47555
9.31239, 9.47603
9.31305, 9.4765
9.3137, 9.47697
9.31436, 9.47745
9.31501, 9.47792
9.31567, 9.47839
9.31632, 9.47886
9.31697, 9.47933
9.31762, 9.4798
9.31827, 9.48027
9.31892, 9.48074
9.31957, 9.48121
9.32022, 9.48168
9.32087, 9.48215
9.32151, 9.48261
9.32216, 9.48308
9.32281, 9.48355
9.32345, 9.48401
9.3241, 9.48448
9.32474, 9.48494
9.32538, 9.48541
9.32602, 9.48587
9.32667, 9.48633
9.32731, 9.4868
9.32795, 9.48726
9.32859, 9.48772
9.32923, 9.48818
9.32986, 9.48864
9.3305, 9.4891
9.33114, 9.48956
9.33178, 9.49002
9.33241, 9.49048
9.33305, 9.49094
9.33368, 9.4914
9.33431, 9.49186
9.33495, 9.49231
9.33558, 9.49277
9.33621, 9.49323
9.33684, 9.49368
9.33747, 9.49414
9.3381, 9.49459
9.33873, 9.49505
9.33936, 9.4955
9.33999, 9.49595
9.34061, 9.4964
9.34124, 9.49686
9.34187, 9.49731
9.34249, 9.49776
9.34312, 9.49821
9.34374, 9.49866
9.34436, 9.49911
9.34499, 9.49956
9.34561, 9.50001
9.34623, 9.50046
9.34685, 9.5009
9.34747, 9.50135
9.34809, 9.5018
9.34871, 9.50225
9.34932, 9.50269
9.34994, 9.50314
9.35056, 9.50358
9.35117, 9.50403
9.35179, 9.50447
9.3524, 9.50491
9.35302, 9.50536
9.35363, 9.5058
9.35425, 9.50624
9.35486, 9.50668
9.35547, 9.50712
9.35608, 9.50756
9.35669, 9.508
9.3573, 9.50844
9.35791, 9.50888
9.35852, 9.50932
9.35912, 9.50976
9.35973, 9.5102
9.36034, 9.51064
9.36094, 9.51107
9.36155, 9.51151
9.36215, 9.51195
9.36276, 9.51238
9.36336, 9.51282
9.36396, 9.51325
9.36457, 9.51369
9.36517, 9.51412
9.36577, 9.51455
9.36637, 9.51499
9.36697, 9.51542
9.36757, 9.51585
9.36816, 9.51628
9.36876, 9.51671
9.36936, 9.51714
9.36996, 9.51757
9.37055, 9.518
9.37115, 9.51843
9.37174, 9.51886
9.37233, 9.51929
9.37293, 9.51972
9.37352, 9.52014
9.37411, 9.52057
9.3747, 9.521
9.37529, 9.52142
9.37588, 9.52185
9.37647, 9.52227
9.37706, 9.5227
9.37765, 9.52312
9.37824, 9.52354
9.37883, 9.52397
9.37941, 9.52439
9.38, 9.52481
9.38058, 9.52523
9.38117, 9.52566
9.38175, 9.52608
9.38234, 9.5265
9.38292, 9.52692
9.3835, 9.52734
9.38408, 9.52776
9.38466, 9.52817
9.38524, 9.52859
9.38582, 9.52901
9.3864, 9.52943
9.38698, 9.52984
9.38756, 9.53026
9.38814, 9.53068
9.38871, 9.53109
9.38929, 9.53151
9.38986, 9.53192
9.39044, 9.53234
9.39101, 9.53275
9.39159, 9.53316
9.39216, 9.53358
9.39273, 9.53399
9.3933, 9.5344
9.39388, 9.53481
9.39445, 9.53522
9.39502, 9.53563
9.39559, 9.53604
9.39615, 9.53645
9.39672, 9.53686
9.39729, 9.53727
9.39786, 9.53768
9.39842, 9.53809
9.39899, 9.5385
9.39955, 9.5389
9.40012, 9.53931
9.40068, 9.53972
9.40125, 9.54012
9.40181, 9.54053
9.40237, 9.54093
9.40293, 9.54134
9.4035, 9.54174
9.40406, 9.54214
9.40462, 9.54255
9.40518, 9.54295
9.40573, 9.54335
9.40629, 9.54375
9.40685, 9.54416
9.40741, 9.54456
9.40796, 9.54496
9.40852, 9.54536
9.40907, 9.54576
9.40963, 9.54616
9.41018, 9.54656
9.41074, 9.54695
9.41129, 9.54735
9.41184, 9.54775
9.41239, 9.54815
9.41295, 9.54854
9.4135, 9.54894
9.41405, 9.54934
9.4146, 9.54973
9.41514, 9.55013
9.41569, 9.55052
9.41624, 9.55092
9.41679, 9.55131
9.41733, 9.5517
9.41788, 9.5521
9.41843, 9.55249
9.41897, 9.55288
9.41952, 9.55327
9.42006, 9.55366
9.4206, 9.55406
9.42114, 9.55445
9.42169, 9.55484
9.42223, 9.55523
9.42277, 9.55561
9.42331, 9.556
9.42385, 9.55639
9.42439, 9.55678
9.42493, 9.55717
9.42546, 9.55755
9.426, 9.55794
9.42654, 9.55833
9.42708, 9.55871
9.42761, 9.5591
9.42815, 9.55948
9.42868, 9.55987
9.42922, 9.56025
9.42975, 9.56064
9.43028, 9.56102
9.43081, 9.5614
9.43135, 9.56179
9.43188, 9.56217
9.43241, 9.56255
9.43294, 9.56293
9.43347, 9.56331
9.434, 9.56369
9.43453, 9.56407
9.43505, 9.56445
9.43558, 9.56483
9.43611, 9.56521
9.43663, 9.56559
9.43716, 9.56597
9.43769, 9.56634
9.43821, 9.56672
9.43873, 9.5671
9.43926, 9.56748
9.43978, 9.56785
9.4403, 9.56823
9.44082, 9.5686
9.44135, 9.56898
9.44187, 9.56935
9.44239, 9.56973
9.44291, 9.5701
9.44343, 9.57047
9.44394, 9.57085
9.44446, 9.57122
9.44498, 9.57159
9.4455, 9.57196
9.44601, 9.57233
9.44653, 9.5727
9.44704, 9.57307
9.44756, 9.57344
9.44807, 9.57381
9.44859, 9.57418
9.4491, 9.57455
9.44961, 9.57492
9.45012, 9.57529
9.45064, 9.57566
9.45115, 9.57602
9.45166, 9.57639
9.45217, 9.57676
9.45268, 9.57712
9.45319, 9.57749
9.45369, 9.57785
9.4542, 9.57822
9.45471, 9.57858
9.45522, 9.57895
9.45572, 9.57931
9.45623, 9.57967
9.45673, 9.58004
9.45724, 9.5804
9.45774, 9.58076
9.45825, 9.58112
9.45875, 9.58148
9.45925, 9.58185
9.45975, 9.58221
9.46025, 9.58257
9.46075, 9.58293
9.46125, 9.58329
9.46175, 9.58364
9.46225, 9.584
9.46275, 9.58436
9.46325, 9.58472
9.46375, 9.58508
9.46425, 9.58543
9.46474, 9.58579
9.46524, 9.58615
9.46573, 9.5865
9.46623, 9.58686
9.46672, 9.58721
9.46722, 9.58757
9.46771, 9.58792
9.4682, 9.58828
9.4687, 9.58863
9.46919, 9.58898
9.46968, 9.58934
9.47017, 9.58969
9.47066, 9.59004
9.47115, 9.59039
9.47164, 9.59074
9.47213, 9.5911
9.47262, 9.59145
9.47311, 9.5918
9.47359, 9.59215
9.47408, 9.5925
9.47457, 9.59284
9.47505, 9.59319
9.47554, 9.59354
9.47602, 9.59389
9.47651, 9.59424
9.47699, 9.59458
9.47747, 9.59493
9.47796, 9.59528
9.47844, 9.59562
9.47892, 9.59597
9.4794, 9.59632
9.47988, 9.59666
9.48036, 9.597
9.48084, 9.59735
9.48132, 9.59769
9.4818, 9.59804
9.48228, 9.59838
9.48275, 9.59872
9.48323, 9.59906
9.48371, 9.59941
9.48418, 9.59975
9.48466, 9.60009
9.48513, 9.60043
9.48561, 9.60077
9.48608, 9.60111
9.48656, 9.60145
9.48703, 9.60179
9.4875, 9.60213
9.48797, 9.60247
9.48845, 9.60281
9.48892, 9.60314
9.48939, 9.60348
9.48986, 9.60382
9.49033, 9.60416
9.4908, 9.60449
9.49127, 9.60483
9.49173, 9.60517
9.4922, 9.6055
9.49267, 9.60584
9.49313, 9.60617
9.4936, 9.6065
9.49407, 9.60684
9.49453, 9.60717
9.495, 9.60751
9.49546, 9.60784
9.49592, 9.60817
9.49639, 9.6085
9.49685, 9.60884
9.49731, 9.60917
9.49777, 9.6095
9.49823, 9.60983
9.4987, 9.61016
9.49916, 9.61049
9.49962, 9.61082
9.50007, 9.61115
9.50053, 9.61148
9.50099, 9.61181
9.50145, 9.61213
9.50191, 9.61246
9.50236, 9.61279
9.50282, 9.61312
9.50328, 9.61344
9.50373, 9.61377
9.50419, 9.6141
9.50464, 9.61442
9.50509, 9.61475
9.50555, 9.61507
9.506, 9.6154
9.50645, 9.61572
9.50691, 9.61605
9.50736, 9.61637
9.50781, 9.61669
9.50826, 9.61702
9.50871, 9.61734
9.50916, 9.61766
9.50961, 9.61798
9.51006, 9.6183
9.5105, 9.61863
9.51095, 9.61895
9.5114, 9.61927
9.51185, 9.61959
9.51229, 9.61991
9.51274, 9.62023
9.51318, 9.62055
9.51363, 9.62086
9.51407, 9.62118
9.51452, 9.6215
9.51496, 9.62182
9.5154, 9.62214
9.51585, 9.62245
9.51629, 9.62277
9.51673, 9.62309
9.51717, 9.6234
9.51761, 9.62372
9.51805, 9.62403
9.51849, 9.62435
9.51893, 9.62466
9.51937, 9.62498
9.51981, 9.62529
9.52025, 9.6256
9.52068, 9.62592
9.52112, 9.62623
9.52156, 9.62654
9.52199, 9.62686
9.52243, 9.62717
9.52286, 9.62748
9.5233, 9.62779
9.52373, 9.6281
9.52417, 9.62841
9.5246, 9.62872
9.52503, 9.62903
9.52546, 9.62934
9.5259, 9.62965
9.52633, 9.62996
9.52676, 9.63027
9.52719, 9.63058
9.52762, 9.63089
9.52805, 9.63119
9.52848, 9.6315
9.52891, 9.63181
9.52933, 9.63211
9.52976, 9.63242
9.53019, 9.63273
9.53062, 9.63303
9.53104, 9.63334
9.53147, 9.63364
9.53189, 9.63395
9.53232, 9.63425
9.53274, 9.63456
9.53317, 9.63486
9.53359, 9.63516
9.53402, 9.63547
9.53444, 9.63577
9.53486, 9.63607
9.53528, 9.63637
9.5357, 9.63667
9.53612, 9.63698
9.53655, 9.63728
9.53697, 9.63758
9.53739, 9.63788
9.5378, 9.63818
9.53822, 9.63848
9.53864, 9.63878
9.53906, 9.63908
9.53948, 9.63937
9.53989, 9.63967
9.54031, 9.63997
9.54073, 9.64027
9.54114, 9.64057
9.54156, 9.64086
9.54197, 9.64116
9.54239, 9.64146
9.5428, 9.64175
9.54321, 9.64205
9.54363, 9.64234
9.54404, 9.64264
9.54445, 9.64293
9.54486, 9.64323
9.54527, 9.64352
9.54569, 9.64382
9.5461, 9.64411
9.54651, 9.6444
9.54692, 9.6447
9.54732, 9.64499
9.54773, 9.64528
9.54814, 9.64557
9.54855, 9.64586
9.54896, 9.64616
9.54936, 9.64645
9.54977, 9.64674
9.55018, 9.64703
9.55058, 9.64732
9.55099, 9.64761
9.55139, 9.6479
9.5518, 9.64819
9.5522, 9.64848
9.5526, 9.64876
9.55301, 9.64905
9.55341, 9.64934
9.55381, 9.64963
9.55421, 9.64992
9.55461, 9.6502
9.55501, 9.65049
9.55542, 9.65078
9.55582, 9.65106
9.55621, 9.65135
9.55661, 9.65163
9.55701, 9.65192
9.55741, 9.6522
9.55781, 9.65249
9.55821, 9.65277
9.5586, 9.65305
9.559, 9.65334
9.5594, 9.65362
9.55979, 9.6539
9.56019, 9.65419
9.56058, 9.65447
9.56098, 9.65475
9.56137, 9.65503
9.56176, 9.65531
9.56216, 9.6556
9.56255, 9.65588
9.56294, 9.65616
9.56334, 9.65644
9.56373, 9.65672
9.56412, 9.657
9.56451, 9.65728
9.5649, 9.65755
9.56529, 9.65783
9.56568, 9.65811
9.56607, 9.65839
9.56646, 9.65867
9.56684, 9.65895
9.56723, 9.65922
9.56762, 9.6595
9.56801, 9.65978
9.56839, 9.66005
9.56878, 9.66033
9.56917, 9.6606
9.56955, 9.66088
9.56994, 9.66115
9.57032, 9.66143
9.5707, 9.6617
9.57109, 9.66198
9.57147, 9.66225
9.57185, 9.66252
9.57224, 9.6628
9.57262, 9.66307
9.573, 9.66334
9.57338, 9.66362
9.57376, 9.66389
9.57414, 9.66416
9.57452, 9.66443
9.5749, 9.6647
9.57528, 9.66497
9.57566, 9.66524
9.57604, 9.66551
9.57642, 9.66578
9.5768, 9.66605
9.57717, 9.66632
9.57755, 9.66659
9.57793, 9.66686
9.5783, 9.66713
9.57868, 9.6674
9.57905, 9.66767
9.57943, 9.66793
9.5798, 9.6682
9.58018, 9.66847
9.58055, 9.66873
9.58092, 9.669
9.5813, 9.66927
9.58167, 9.66953
9.58204, 9.6698
9.58241, 9.67006
9.58278, 9.67033
9.58315, 9.67059
9.58353, 9.67086
9.5839, 9.67112
9.58427, 9.67139
9.58463, 9.67165
9.585, 9.67191
9.58537, 9.67218
9.58574, 9.67244
9.58611, 9.6727
9.58647, 9.67296
9.58684, 9.67323
9.58721, 9.67349
9.58757, 9.67375
9.58794, 9.67401
9.58831, 9.67427
9.58867, 9.67453
9.58904, 9.67479
9.5894, 9.67505
9.58976, 9.67531
9.59013, 9.67557
9.59049, 9.67583
9.59085, 9.67609
9.59121, 9.67635
9.59158, 9.6766
9.59194, 9.67686
9.5923, 9.67712
9.59266, 9.67738
9.59302, 9.67763
9.59338, 9.67789
9.59374, 9.67815
9.5941, 9.6784
9.59446, 9.67866
9.59482, 9.67892
9.59517, 9.67917
9.59553, 9.67943
9.59589, 9.67968
9.59625, 9.67994
9.5966, 9.68019
9.59696, 9.68044
9.59731, 9.6807
9.59767, 9.68095
9.59802, 9.6812
9.59838, 9.68146
9.59873, 9.68171
9.59909, 9.68196
9.59944, 9.68221
9.59979, 9.68247
9.60015, 9.68272
9.6005, 9.68297
9.60085, 9.68322
9.6012, 9.68347
9.60155, 9.68372
9.6019, 9.68397
9.60225, 9.68422
9.6026, 9.68447
9.60295, 9.68472
9.6033, 9.68497
9.60365, 9.68522
9.604, 9.68547
9.60435, 9.68571
9.6047, 9.68596
9.60504, 9.68621
9.60539, 9.68646
9.60574, 9.6867
9.60608, 9.68695
9.60643, 9.6872
9.60678, 9.68744
9.60712, 9.68769
9.60747, 9.68794
9.60781, 9.68818
9.60815, 9.68843
9.6085, 9.68867
9.60884, 9.68892
9.60918, 9.68916
9.60953, 9.68941
9.60987, 9.68965
9.61021, 9.68989
9.61055, 9.69014
9.61089, 9.69038
9.61123, 9.69062
9.61157, 9.69087
9.61192, 9.69111
9.61225, 9.69135
9.61259, 9.69159
9.61293, 9.69183
9.61327, 9.69207
9.61361, 9.69232
9.61395, 9.69256
9.61429, 9.6928
9.61462, 9.69304
9.61496, 9.69328
9.6153, 9.69352
9.61563, 9.69376
9.61597, 9.694
9.6163, 9.69423
9.61664, 9.69447
9.61697, 9.69471
9.61731, 9.69495
9.61764, 9.69519
9.61797, 9.69542
9.61831, 9.69566
9.61864, 9.6959
9.61897, 9.69614
9.61931, 9.69637
9.61964, 9.69661
9.61997, 9.69685
9.6203, 9.69708
9.62063, 9.69732
9.62096, 9.69755
9.62129, 9.69779
9.62162, 9.69802
9.62195, 9.69826
9.62228, 9.69849
9.62261, 9.69872
9.62294, 9.69896
9.62326, 9.69919
9.62359, 9.69942
9.62392, 9.69966
9.62424, 9.69989
9.62457, 9.70012
9.6249, 9.70036
9.62522, 9.70059
9.62555, 9.70082
9.62587, 9.70105
9.6262, 9.70128
9.62652, 9.70151
9.62685, 9.70174
9.62717, 9.70197
9.62749, 9.7022
9.62782, 9.70243
9.62814, 9.70266
9.62846, 9.70289
9.62878, 9.70312
9.62911, 9.70335
9.62943, 9.70358
9.62975, 9.70381
9.63007, 9.70404
9.63039, 9.70426
9.63071, 9.70449
9.63103, 9.70472
9.63135, 9.70495
9.63167, 9.70517
9.63198, 9.7054
9.6323, 9.70563
9.63262, 9.70585
9.63294, 9.70608
9.63326, 9.7063
9.63357, 9.70653
9.63389, 9.70675
9.6342, 9.70698
9.63452, 9.7072
9.63484, 9.70743
9.63515, 9.70765
9.63547, 9.70788
9.63578, 9.7081
9.63609, 9.70832
9.63641, 9.70855
9.63672, 9.70877
9.63703, 9.70899
9.63735, 9.70922
9.63766, 9.70944
9.63797, 9.70966
9.63828, 9.70988
9.6386, 9.7101
9.63891, 9.71032
9.63922, 9.71055
9.63953, 9.71077
9.63984, 9.71099
9.64015, 9.71121
9.64046, 9.71143
9.64077, 9.71165
9.64107, 9.71187
9.64138, 9.71209
9.64169, 9.71231
9.642, 9.71252
9.64231, 9.71274
9.64261, 9.71296
9.64292, 9.71318
9.64323, 9.7134
9.64353, 9.71362
9.64384, 9.71383
9.64414, 9.71405
9.64445, 9.71427
9.64475, 9.71448
9.64506, 9.7147
9.64536, 9.71492
9.64567, 9.71513
9.64597, 9.71535
9.64627, 9.71556
9.64658, 9.71578
9.64688, 9.71599
9.64718, 9.71621
9.64748, 9.71642
9.64778, 9.71664
9.64808, 9.71685
9.64839, 9.71707
9.64869, 9.71728
9.64899, 9.71749
9.64929, 9.71771
9.64959, 9.71792
9.64989, 9.71813
9.65018, 9.71834
9.65048, 9.71856
9.65078, 9.71877
9.65108, 9.71898
9.65138, 9.71919
9.65167, 9.7194
9.65197, 9.71961
9.65227, 9.71982
9.65256, 9.72004
9.65286, 9.72025
9.65316, 9.72046
9.65345, 9.72067
9.65375, 9.72088
9.65404, 9.72109
9.65434, 9.72129
9.65463, 9.7215
9.65492, 9.72171
9.65522, 9.72192
9.65551, 9.72213
9.6558, 9.72234
9.6561, 9.72254
9.65639, 9.72275
9.65668, 9.72296
9.65697, 9.72317
9.65726, 9.72337
9.65755, 9.72358
9.65784, 9.72379
9.65813, 9.72399
9.65842, 9.7242
9.65871, 9.72441
9.659, 9.72461
9.65929, 9.72482
9.65958, 9.72502
9.65987, 9.72523
9.66016, 9.72543
9.66045, 9.72564
9.66073, 9.72584
9.66102, 9.72604
9.66131, 9.72625
9.66159, 9.72645
9.66188, 9.72665
9.66217, 9.72686
9.66245, 9.72706
9.66274, 9.72726
9.66302, 9.72747
9.66331, 9.72767
9.66359, 9.72787
9.66388, 9.72807
9.66416, 9.72827
9.66444, 9.72847
9.66473, 9.72868
9.66501, 9.72888
9.66529, 9.72908
9.66558, 9.72928
9.66586, 9.72948
9.66614, 9.72968
9.66642, 9.72988
9.6667, 9.73008
9.66698, 9.73028
9.66726, 9.73048
9.66754, 9.73067
9.66782, 9.73087
9.6681, 9.73107
9.66838, 9.73127
9.66866, 9.73147
9.66894, 9.73167
9.66922, 9.73186
9.6695, 9.73206
9.66977, 9.73226
9.67005, 9.73245
9.67033, 9.73265
9.67061, 9.73285
9.67088, 9.73304
9.67116, 9.73324
9.67143, 9.73344
9.67171, 9.73363
9.67199, 9.73383
9.67226, 9.73402
9.67254, 9.73422
9.67281, 9.73441
9.67308, 9.73461
9.67336, 9.7348
9.67363, 9.735
9.67391, 9.73519
9.67418, 9.73538
9.67445, 9.73558
9.67472, 9.73577
9.675, 9.73596
9.67527, 9.73616
9.67554, 9.73635
9.67581, 9.73654
9.67608, 9.73673
9.67635, 9.73693
9.67662, 9.73712
9.67689, 9.73731
9.67716, 9.7375
9.67743, 9.73769
9.6777, 9.73788
9.67797, 9.73807
9.67824, 9.73826
9.67851, 9.73845
9.67878, 9.73864
9.67904, 9.73883
9.67931, 9.73902
9.67958, 9.73921
9.67984, 9.7394
9.68011, 9.73959
9.68038, 9.73978
9.68064, 9.73997
9.68091, 9.74016
9.68117, 9.74035
9.68144, 9.74053
9.68171, 9.74072
9.68197, 9.74091
9.68223, 9.7411
9.6825, 9.74128
9.68276, 9.74147
9.68303, 9.74166
9.68329, 9.74184
9.68355, 9.74203
9.68381, 9.74222
9.68408, 9.7424
9.68434, 9.74259
9.6846, 9.74277
9.68486, 9.74296
9.68512, 9.74315
9.68538, 9.74333
9.68564, 9.74351
9.6859, 9.7437
9.68616, 9.74388
9.68642, 9.74407
9.68668, 9.74425
9.68694, 9.74444
9.6872, 9.74462
9.68746, 9.7448
9.68772, 9.74499
9.68798, 9.74517
9.68824, 9.74535
9.68849, 9.74553
9.68875, 9.74572
9.68901, 9.7459
9.68926, 9.74608
9.68952, 9.74626
9.68978, 9.74644
9.69003, 9.74662
9.69029, 9.74681
9.69054, 9.74699
9.6908, 9.74717
9.69105, 9.74735
9.69131, 9.74753
9.69156, 9.74771
9.69182, 9.74789
9.69207, 9.74807
9.69232, 9.74825
9.69258, 9.74843
9.69283, 9.74861
9.69308, 9.74879
9.69333, 9.74896
9.69359, 9.74914
9.69384, 9.74932
9.69409, 9.7495
9.69434, 9.74968
9.69459, 9.74985
9.69484, 9.75003
9.69509, 9.75021
9.69534, 9.75039
9.69559, 9.75056
9.69584, 9.75074
9.69609, 9.75092
9.69634, 9.75109
9.69659, 9.75127
9.69684, 9.75145
9.69709, 9.75162
9.69733, 9.7518
9.69758, 9.75197
9.69783, 9.75215
9.69808, 9.75232
9.69832, 9.7525
9.69857, 9.75267
9.69882, 9.75285
9.69906, 9.75302
9.69931, 9.7532
9.69955, 9.75337
9.6998, 9.75354
9.70004, 9.75372
9.70029, 9.75389
9.70053, 9.75406
9.70078, 9.75424
9.70102, 9.75441
9.70127, 9.75458
9.70151, 9.75475
9.70175, 9.75493
9.70199, 9.7551
9.70224, 9.75527
9.70248, 9.75544
9.70272, 9.75561
9.70296, 9.75578
9.70321, 9.75595
9.70345, 9.75613
9.70369, 9.7563
9.70393, 9.75647
9.70417, 9.75664
9.70441, 9.75681
9.70465, 9.75698
9.70489, 9.75715
9.70513, 9.75732
9.70537, 9.75748
9.70561, 9.75765
9.70585, 9.75782
9.70608, 9.75799
9.70632, 9.75816
9.70656, 9.75833
9.7068, 9.7585
9.70704, 9.75866
9.70727, 9.75883
9.70751, 9.759
9.70775, 9.75917
9.70798, 9.75934
9.70822, 9.7595
9.70845, 9.75967
9.70869, 9.75984
9.70893, 9.76
9.70916, 9.76017
9.7094, 9.76033
9.70963, 9.7605
9.70986, 9.76067
9.7101, 9.76083
9.71033, 9.761
9.71057, 9.76116
9.7108, 9.76133
9.71103, 9.76149
9.71127, 9.76166
9.7115, 9.76182
9.71173, 9.76199
9.71196, 9.76215
9.71219, 9.76231
9.71243, 9.76248
9.71266, 9.76264
9.71289, 9.76281
9.71312, 9.76297
9.71335, 9.76313
9.71358, 9.76329
9.71381, 9.76346
9.71404, 9.76362
9.71427, 9.76378
9.7145, 9.76394
9.71473, 9.76411
9.71496, 9.76427
9.71519, 9.76443
9.71541, 9.76459
9.71564, 9.76475
9.71587, 9.76491
9.7161, 9.76507
9.71632, 9.76524
9.71655, 9.7654
9.71678, 9.76556
9.71701, 9.76572
9.71723, 9.76588
9.71746, 9.76604
9.71768, 9.7662
9.71791, 9.76636
9.71813, 9.76652
9.71836, 9.76667
9.71858, 9.76683
9.71881, 9.76699
9.71903, 9.76715
9.71926, 9.76731
9.71948, 9.76747
9.71971, 9.76763
9.71993, 9.76778
9.72015, 9.76794
9.72038, 9.7681
9.7206, 9.76826
9.72082, 9.76841
9.72104, 9.76857
9.72126, 9.76873
9.72149, 9.76888
9.72171, 9.76904
9.72193, 9.7692
9.72215, 9.76935
9.72237, 9.76951
9.72259, 9.76966
9.72281, 9.76982
9.72303, 9.76998
9.72325, 9.77013
9.72347, 9.77029
9.72369, 9.77044
9.72391, 9.7706
9.72413, 9.77075
9.72435, 9.77091
9.72457, 9.77106
9.72478, 9.77121
9.725, 9.77137
9.72522, 9.77152
9.72544, 9.77168
9.72565, 9.77183
9.72587, 9.77198
9.72609, 9.77213
9.7263, 9.77229
9.72652, 9.77244
9.72674, 9.77259
9.72695, 9.77275
9.72717, 9.7729
9.72738, 9.77305
9.7276, 9.7732
9.72781, 9.77335
9.72803, 9.77351
9.72824, 9.77366
9.72846, 9.77381
9.72867, 9.77396
9.72888, 9.77411
9.7291, 9.77426
9.72931, 9.77441
9.72952, 9.77456
9.72974, 9.77471
9.72995, 9.77486
9.73016, 9.77501
9.73037, 9.77516
9.73058, 9.77531
9.7308, 9.77546
9.73101, 9.77561
9.73122, 9.77576
9.73143, 9.77591
9.73164, 9.77606
9.73185, 9.77621
9.73206, 9.77635
9.73227, 9.7765
9.73248, 9.77665
9.73269, 9.7768
9.7329, 9.77695
9.73311, 9.77709
9.73332, 9.77724
9.73353, 9.77739
9.73373, 9.77753
9.73394, 9.77768
9.73415, 9.77783
9.73436, 9.77798
9.73457, 9.77812
9.73477, 9.77827
9.73498, 9.77841
9.73519, 9.77856
9.73539, 9.77871
9.7356, 9.77885
9.73581, 9.779
9.73601, 9.77914
9.73622, 9.77929
9.73642, 9.77943
9.73663, 9.77958
9.73683, 9.77972
9.73704, 9.77987
9.73724, 9.78001
9.73745, 9.78016
9.73765, 9.7803
9.73785, 9.78044
9.73806, 9.78059
9.73826, 9.78073
9.73847, 9.78087
9.73867, 9.78102
9.73887, 9.78116
9.73907, 9.7813
9.73928, 9.78145
9.73948, 9.78159
9.73968, 9.78173
9.73988, 9.78187
9.74008, 9.78202
9.74028, 9.78216
9.74049, 9.7823
9.74069, 9.78244
9.74089, 9.78258
9.74109, 9.78272
9.74129, 9.78286
9.74149, 9.78301
9.74169, 9.78315
9.74189, 9.78329
9.74209, 9.78343
9.74228, 9.78357
9.74248, 9.78371
9.74268, 9.78385
9.74288, 9.78399
9.74308, 9.78413
9.74328, 9.78427
9.74347, 9.78441
9.74367, 9.78455
9.74387, 9.78469
9.74407, 9.78482
9.74426, 9.78496
9.74446, 9.7851
9.74466, 9.78524
9.74485, 9.78538
9.74505, 9.78552
9.74524, 9.78566
9.74544, 9.78579
9.74564, 9.78593
9.74583, 9.78607
9.74603, 9.78621
9.74622, 9.78634
9.74642, 9.78648
9.74661, 9.78662
9.7468, 9.78675
9.747, 9.78689
9.74719, 9.78703
9.74739, 9.78716
9.74758, 9.7873
9.74777, 9.78744
9.74796, 9.78757
9.74816, 9.78771
9.74835, 9.78784
9.74854, 9.78798
9.74873, 9.78812
9.74893, 9.78825
9.74912, 9.78839
9.74931, 9.78852
9.7495, 9.78866
9.74969, 9.78879
9.74988, 9.78892
9.75007, 9.78906
9.75026, 9.78919
9.75045, 9.78933
9.75064, 9.78946
9.75083, 9.78959
9.75102, 9.78973
9.75121, 9.78986
9.7514, 9.78999
9.75159, 9.79013
9.75178, 9.79026
9.75197, 9.79039
9.75215, 9.79053
9.75234, 9.79066
9.75253, 9.79079
9.75272, 9.79092
9.75291, 9.79106
9.75309, 9.79119
9.75328, 9.79132
9.75347, 9.79145
9.75365, 9.79158
9.75384, 9.79171
9.75403, 9.79184
9.75421, 9.79198
9.7544, 9.79211
9.75458, 9.79224
9.75477, 9.79237
9.75495, 9.7925
9.75514, 9.79263
9.75532, 9.79276
9.75551, 9.79289
9.75569, 9.79302
9.75588, 9.79315
9.75606, 9.79328
9.75624, 9.79341
9.75643, 9.79354
9.75661, 9.79367
9.7568, 9.7938
9.75698, 9.79392
9.75716, 9.79405
9.75734, 9.79418
9.75753, 9.79431
9.75771, 9.79444
9.75789, 9.79457
9.75807, 9.79469
9.75825, 9.79482
9.75843, 9.79495
9.75862, 9.79508
9.7588, 9.7952
9.75898, 9.79533
9.75916, 9.79546
9.75934, 9.79559
9.75952, 9.79571
9.7597, 9.79584
9.75988, 9.79597
9.76006, 9.79609
9.76024, 9.79622
9.76042, 9.79635
9.7606, 9.79647
9.76078, 9.7966
9.76095, 9.79672
9.76113, 9.79685
9.76131, 9.79697
9.76149, 9.7971
9.76167, 9.79723
9.76184, 9.79735
9.76202, 9.79748
9.7622, 9.7976
9.76238, 9.79772
9.76255, 9.79785
9.76273, 9.79797
9.76291, 9.7981
9.76308, 9.79822
9.76326, 9.79835
9.76343, 9.79847
9.76361, 9.79859
9.76379, 9.79872
9.76396, 9.79884
9.76414, 9.79896
9.76431, 9.79909
9.76449, 9.79921
9.76466, 9.79933
9.76484, 9.79946
9.76501, 9.79958
9.76518, 9.7997
9.76536, 9.79982
9.76553, 9.79994
9.7657, 9.80007
9.76588, 9.80019
9.76605, 9.80031
9.76622, 9.80043
9.7664, 9.80055
9.76657, 9.80067
9.76674, 9.8008
9.76691, 9.80092
9.76708, 9.80104
9.76726, 9.80116
9.76743, 9.80128
9.7676, 9.8014
9.76777, 9.80152
9.76794, 9.80164
9.76811, 9.80176
9.76828, 9.80188
9.76845, 9.802
9.76862, 9.80212
9.76879, 9.80224
9.76896, 9.80236
9.76913, 9.80248
9.7693, 9.8026
9.76947, 9.80272
9.76964, 9.80284
9.76981, 9.80296
9.76998, 9.80307
9.77015, 9.80319
9.77032, 9.80331
9.77048, 9.80343
9.77065, 9.80355
9.77082, 9.80367
9.77099, 9.80378
9.77116, 9.8039
9.77132, 9.80402
9.77149, 9.80414
9.77166, 9.80425
9.77182, 9.80437
9.77199, 9.80449
9.77216, 9.8046
9.77232, 9.80472
9.77249, 9.80484
9.77265, 9.80496
9.77282, 9.80507
9.77299, 9.80519
9.77315, 9.8053
9.77332, 9.80542
9.77348, 9.80554
9.77365, 9.80565
9.77381, 9.80577
9.77397, 9.80588
9.77414, 9.806
9.7743, 9.80611
9.77447, 9.80623
9.77463, 9.80634
9.77479, 9.80646
9.77496, 9.80657
9.77512, 9.80669
9.77528, 9.8068
9.77545, 9.80692
9.77561, 9.80703
9.77577, 9.80715
9.77593, 9.80726
9.7761, 9.80737
9.77626, 9.80749
9.77642, 9.8076
9.77658, 9.80771
9.77674, 9.80783
9.7769, 9.80794
9.77706, 9.80805
9.77722, 9.80817
9.77739, 9.80828
9.77755, 9.80839
9.77771, 9.80851
9.77787, 9.80862
9.77803, 9.80873
9.77819, 9.80884
9.77835, 9.80895
9.7785, 9.80907
9.77866, 9.80918
9.77882, 9.80929
9.77898, 9.8094
9.77914, 9.80951
9.7793, 9.80962
9.77946, 9.80974
9.77962, 9.80985
9.77977, 9.80996
9.77993, 9.81007
9.78009, 9.81018
9.78025, 9.81029
9.7804, 9.8104
9.78056, 9.81051
9.78072, 9.81062
9.78087, 9.81073
9.78103, 9.81084
9.78119, 9.81095
9.78134, 9.81106
9.7815, 9.81117
9.78166, 9.81128
9.78181, 9.81139
9.78197, 9.8115
9.78212, 9.81161
9.78228, 9.81172
9.78243, 9.81183
9.78259, 9.81194
9.78274, 9.81204
9.7829, 9.81215
9.78305, 9.81226
9.78321, 9.81237
9.78336, 9.81248
9.78351, 9.81259
9.78367, 9.81269
9.78382, 9.8128
9.78397, 9.81291
9.78413, 9.81302
9.78428, 9.81312
9.78443, 9.81323
9.78459, 9.81334
9.78474, 9.81345
9.78489, 9.81355
9.78504, 9.81366
9.7852, 9.81377
9.78535, 9.81387
9.7855, 9.81398
9.78565, 9.81409
9.7858, 9.81419
9.78595, 9.8143
9.7861, 9.8144
9.78626, 9.81451
9.78641, 9.81462
9.78656, 9.81472
9.78671, 9.81483
9.78686, 9.81493
9.78701, 9.81504
9.78716, 9.81514
9.78731, 9.81525
9.78746, 9.81535
9.78761, 9.81546
9.78776, 9.81556
9.7879, 9.81567
9.78805, 9.81577
9.7882, 9.81588
9.78835, 9.81598
9.7885, 9.81608
9.78865, 9.81619
9.7888, 9.81629
9.78894, 9.8164
9.78909, 9.8165
9.78924, 9.8166
9.78939, 9.81671
9.78953, 9.81681
9.78968, 9.81691
9.78983, 9.81702
9.78997, 9.81712
9.79012, 9.81722
9.79027, 9.81733
9.79041, 9.81743
9.79056, 9.81753
9.79071, 9.81763
9.79085, 9.81774
9.791, 9.81784
9.79114, 9.81794
9.79129, 9.81804
9.79143, 9.81814
9.79158, 9.81825
9.79172, 9.81835
9.79187, 9.81845
9.79201, 9.81855
9.79216, 9.81865
9.7923, 9.81875
9.79245, 9.81885
9.79259, 9.81895
9.79273, 9.81906
9.79288, 9.81916
9.79302, 9.81926
9.79316, 9.81936
9.79331, 9.81946
9.79345, 9.81956
9.79359, 9.81966
9.79373, 9.81976
9.79388, 9.81986
9.79402, 9.81996
9.79416, 9.82006
9.7943, 9.82016
9.79445, 9.82026
9.79459, 9.82036
9.79473, 9.82046
9.79487, 9.82055
9.79501, 9.82065
9.79515, 9.82075
9.79529, 9.82085
9.79543, 9.82095
9.79558, 9.82105
9.79572, 9.82115
9.79586, 9.82125
9.796, 9.82134
9.79614, 9.82144
9.79628, 9.82154
9.79642, 9.82164
9.79656, 9.82174
9.79669, 9.82183
9.79683, 9.82193
9.79697, 9.82203
9.79711, 9.82213
9.79725, 9.82222
9.79739, 9.82232
9.79753, 9.82242
9.79767, 9.82251
9.7978, 9.82261
9.79794, 9.82271
9.79808, 9.8228
9.79822, 9.8229
9.79836, 9.823
9.79849, 9.82309
9.79863, 9.82319
9.79877, 9.82329
9.7989, 9.82338
9.79904, 9.82348
9.79918, 9.82357
9.79931, 9.82367
9.79945, 9.82376
9.79959, 9.82386
9.79972, 9.82396
9.79986, 9.82405
9.79999, 9.82415
9.80013, 9.82424
9.80027, 9.82434
9.8004, 9.82443
9.80054, 9.82453
9.80067, 9.82462
9.80081, 9.82471
9.80094, 9.82481
9.80108, 9.8249
9.80121, 9.825
9.80134, 9.82509
9.80148, 9.82519
9.80161, 9.82528
9.80175, 9.82537
9.80188, 9.82547
9.80201, 9.82556
9.80215, 9.82565
9.80228, 9.82575
9.80241, 9.82584
9.80255, 9.82593
9.80268, 9.82603
9.80281, 9.82612
9.80294, 9.82621
9.80308, 9.8263
9.80321, 9.8264
9.80334, 9.82649
9.80347, 9.82658
9.8036, 9.82667
9.80374, 9.82677
9.80387, 9.82686
9.804, 9.82695
9.80413, 9.82704
9.80426, 9.82713
9.80439, 9.82723
9.80452, 9.82732
9.80465, 9.82741
9.80478, 9.8275
9.80491, 9.82759
9.80504, 9.82768
9.80517, 9.82777
9.8053, 9.82787
9.80543, 9.82796
9.80556, 9.82805
9.80569, 9.82814
9.80582, 9.82823
9.80595, 9.82832
9.80608, 9.82841
9.80621, 9.8285
9.80634, 9.82859
9.80647, 9.82868
9.80659, 9.82877
9.80672, 9.82886
9.80685, 9.82895
9.80698, 9.82904
9.80711, 9.82913
9.80724, 9.82922
9.80736, 9.82931
9.80749, 9.8294
9.80762, 9.82949
9.80774, 9.82957
9.80787, 9.82966
9.808, 9.82975
9.80813, 9.82984
9.80825, 9.82993
9.80838, 9.83002
9.80851, 9.83011
9.80863, 9.83019
9.80876, 9.83028
9.80888, 9.83037
9.80901, 9.83046
9.80913, 9.83055
9.80926, 9.83064
9.80939, 9.83072
9.80951, 9.83081
9.80964, 9.8309
9.80976, 9.83099
9.80989, 9.83107
9.81001, 9.83116
9.81014, 9.83125
9.81026, 9.83133
9.81038, 9.83142
9.81051, 9.83151
9.81063, 9.8316
9.81076, 9.83168
9.81088, 9.83177
9.811, 9.83185
9.81113, 9.83194
9.81125, 9.83203
9.81137, 9.83211
9.8115, 9.8322
9.81162, 9.83229
9.81174, 9.83237
9.81186, 9.83246
9.81199, 9.83254
9.81211, 9.83263
9.81223, 9.83271
9.81235, 9.8328
9.81248, 9.83289
9.8126, 9.83297
9.81272, 9.83306
9.81284, 9.83314
9.81296, 9.83323
9.81308, 9.83331
9.81321, 9.8334
9.81333, 9.83348
9.81345, 9.83356
