0, 0
0.00408798, -0.000130289
0.00817236, -0.000261213
0.0122531, -0.000392775
0.0163303, -0.00052498
0.0204038, -0.000657831
0.0244737, -0.000791331
0.0285399, -0.000925484
0.0326025, -0.00106029
0.0366613, -0.00119576
0.0407164, -0.0013319
0.0447679, -0.0014687
0.0488156, -0.00160618
0.0528595, -0.00174433
0.0568997, -0.00188315
0.0609361, -0.00202267
0.0649687, -0.00216286
0.0689975, -0.00230375
0.0730225, -0.00244534
0.0770436, -0.00258762
0.081061, -0.0027306
0.0850744, -0.00287429
0.089084, -0.00301869
0.0930896, -0.00316381
0.0970914, -0.00330964
0.101089, -0.00345619
0.105083, -0.00360347
0.109073, -0.00375148
0.113059, -0.00390023
0.117041, -0.00404971
0.121019, -0.00419993
0.124993, -0.00435091
0.128963, -0.00450263
0.132929, -0.0046551
0.136891, -0.00480834
0.140849, -0.00496234
0.144802, -0.00511711
0.148752, -0.00527264
0.152697, -0.00542896
0.156639, -0.00558605
0.160576, -0.00574393
0.164509, -0.0059026
0.168438, -0.00606206
0.172363, -0.00622231
0.176283, -0.00638337
0.180199, -0.00654524
0.184111, -0.00670792
0.188019, -0.00687141
0.191923, -0.00703572
0.195822, -0.00720086
0.199717, -0.00736682
0.203607, -0.00753362
0.207493, -0.00770125
0.211375, -0.00786973
0.215253, -0.00803906
0.219126, -0.00820924
0.222995, -0.00838027
0.226859, -0.00855216
0.230719, -0.00872492
0.234575, -0.00889856
0.238426, -0.00907306
0.242272, -0.00924845
0.246114, -0.00942472
0.249952, -0.00960188
0.253785, -0.00977993
0.257613, -0.00995889
0.261437, -0.0101387
0.265256, -0.0103195
0.269071, -0.0105012
0.272881, -0.0106838
0.276687, -0.0108673
0.280488, -0.0110518
0.284284, -0.0112372
0.288076, -0.0114235
0.291863, -0.0116108
0.295645, -0.011799
0.299423, -0.0119882
0.303195, -0.0121783
0.306963, -0.0123694
0.310727, -0.0125615
0.314485, -0.0127545
0.318239, -0.0129485
0.321988, -0.0131435
0.325732, -0.0133395
0.329471, -0.0135365
0.333205, -0.0137345
0.336935, -0.0139335
0.34066, -0.0141335
0.344379, -0.0143346
0.348094, -0.0145366
0.351804, -0.0147397
0.355509, -0.0149438
0.359209, -0.015149
0.362904, -0.0153552
0.366593, -0.0155624
0.370278, -0.0157707
0.373958, -0.0159801
0.377633, -0.0161905
0.381303, -0.0164021
0.384967, -0.0166146
0.388627, -0.0168283
0.392281, -0.0170431
0.395931, -0.0172589
0.399575, -0.0174759
0.403214, -0.0176939
0.406847, -0.0179131
0.410476, -0.0181334
0.414099, -0.0183548
0.417717, -0.0185774
0.42133, -0.018801
0.424938, -0.0190259
0.42854, -0.0192518
0.432137, -0.019479
0.435729, -0.0197072
0.439315, -0.0199367
0.442896, -0.0201673
0.446472, -0.0203991
0.450042, -0.0206321
0.453607, -0.0208663
0.457167, -0.0211016
0.460721, -0.0213382
0.464269, -0.021576
0.467813, -0.021815
0.47135, -0.0220552
0.474882, -0.0222966
0.478409, -0.0225393
0.48193, -0.0227832
0.485446, -0.0230284
0.488956, -0.0232748
0.49246, -0.0235224
0.495959, -0.0237714
0.499452, -0.0240215
0.50294, -0.024273
0.506422, -0.0245258
0.509898, -0.0247798
0.513369, -0.0250352
0.516834, -0.0252918
0.520293, -0.0255498
0.523747, -0.0258091
0.527195, -0.0260696
0.530637, -0.0263316
0.534073, -0.0265948
0.537504, -0.0268594
0.540929, -0.0271254
0.544348, -0.0273927
0.547761, -0.0276614
0.551168, -0.0279314
0.554569, -0.0282028
0.557965, -0.0284756
0.561355, -0.0287498
0.564738, -0.0290253
0.568116, -0.0293023
0.571488, -0.0295807
0.574854, -0.0298605
0.578214, -0.0301417
0.581568, -0.0304244
0.584916, -0.0307085
0.588258, -0.030994
0.591594, -0.031281
0.594924, -0.0315695
0.598248, -0.0318594
0.601566, -0.0321507
0.604877, -0.0324436
0.608183, -0.0327379
0.611482, -0.0330338
0.614776, -0.0333311
0.618063, -0.0336299
0.621344, -0.0339303
0.624619, -0.0342322
0.627888, -0.0345356
0.63115, -0.0348405
0.634407, -0.035147
0.637657, -0.035455
0.640901, -0.0357646
0.644138, -0.0360758
0.647369, -0.0363885
0.650594, -0.0367028
0.653813, -0.0370186
0.657025, -0.0373361
0.660232, -0.0376552
0.663431, -0.0379759
0.666625, -0.0382982
0.669812, -0.0386221
0.672992, -0.0389476
0.676167, -0.0392748
0.679334, -0.0396036
0.682496, -0.0399341
0.685651, -0.0402663
0.688799, -0.0406001
0.691941, -0.0409355
0.695077, -0.0412727
0.698206, -0.0416115
0.701329, -0.0419521
0.704445, -0.0422943
0.707554, -0.0426383
0.710657, -0.042984
0.713754, -0.0433314
0.716844, -0.0436805
0.719927, -0.0440314
0.723004, -0.044384
0.726074, -0.0447384
0.729137, -0.0450945
0.732194, -0.0454524
0.735245, -0.0458121
0.738288, -0.0461736
0.741325, -0.0465369
0.744356, -0.046902
0.747379, -0.0472689
0.750396, -0.0476376
0.753406, -0.0480081
0.75641, -0.0483805
0.759407, -0.0487547
0.762397, -0.0491307
0.76538, -0.0495086
0.768357, -0.0498884
0.771327, -0.05027
0.77429, -0.0506536
0.777246, -0.051039
0.780196, -0.0514263
0.783138, -0.0518155
0.786074, -0.0522066
0.789003, -0.0525996
0.791925, -0.0529946
0.794841, -0.0533915
0.797749, -0.0537903
0.800651, -0.0541911
0.803546, -0.0545938
0.806434, -0.0549985
0.809315, -0.0554052
0.812189, -0.0558139
0.815056, -0.0562245
0.817916, -0.0566372
0.82077, -0.0570518
0.823616, -0.0574685
0.826456, -0.0578871
0.829288, -0.0583078
0.832114, -0.0587306
0.834933, -0.0591554
0.837744, -0.0595822
0.840549, -0.0600111
0.843347, -0.060442
0.846138, -0.0608751
0.848921, -0.0613102
0.851698, -0.0617474
0.854468, -0.0621867
0.857231, -0.0626281
0.859986, -0.0630716
0.862735, -0.0635172
0.865477, -0.063965
0.868211, -0.0644149
0.870939, -0.0648669
0.87366, -0.0653211
0.876373, -0.0657775
0.879079, -0.066236
0.881779, -0.0666967
0.884471, -0.0671596
0.887156, -0.0676247
0.889834, -0.068092
0.892505, -0.0685615
0.895169, -0.0690332
0.897826, -0.0695071
0.900476, -0.0699832
0.903119, -0.0704616
0.905754, -0.0709423
0.908383, -0.0714251
0.911004, -0.0719103
0.913619, -0.0723977
0.916226, -0.0728874
0.918826, -0.0733794
0.921419, -0.0738737
0.924004, -0.0743702
0.926583, -0.0748691
0.929155, -0.0753703
0.931719, -0.0758738
0.934276, -0.0763797
0.936826, -0.0768879
0.939369, -0.0773984
0.941905, -0.0779113
0.944434, -0.0784265
0.946956, -0.0789441
0.94947, -0.0794641
0.951978, -0.0799865
0.954478, -0.0805112
0.956971, -0.0810384
0.959457, -0.081568
0.961936, -0.0821
0.964407, -0.0826344
0.966872, -0.0831712
0.969329, -0.0837105
0.971779, -0.0842522
0.974223, -0.0847963
0.976659, -0.085343
0.979088, -0.085892
0.981509, -0.0864436
0.983924, -0.0869976
0.986331, -0.0875542
0.988732, -0.0881132
0.991125, -0.0886747
0.993511, -0.0892387
0.99589, -0.0898053
0.998262, -0.0903744
1.00063, -0.090946
1.00298, -0.0915201
1.00534, -0.0920968
1.00768, -0.092676
1.01002, -0.0932578
1.01234, -0.0938422
1.01467, -0.0944291
1.01698, -0.0950187
1.01929, -0.0956108
1.02159, -0.0962055
1.02389, -0.0968028
1.02617, -0.0974027
1.02845, -0.0980052
1.03073, -0.0986104
1.03299, -0.0992182
1.03525, -0.0998286
1.0375, -0.100442
1.03975, -0.101057
1.04198, -0.101676
1.04422, -0.102297
1.04644, -0.102921
1.04866, -0.103547
1.05087, -0.104176
1.05307, -0.104808
1.05526, -0.105442
1.05745, -0.106079
1.05963, -0.106719
1.06181, -0.107362
1.06398, -0.108007
1.06614, -0.108655
1.06829, -0.109306
1.07044, -0.109959
1.07258, -0.110616
1.07471, -0.111275
1.07684, -0.111937
1.07896, -0.112601
1.08107, -0.113268
1.08318, -0.113938
1.08528, -0.114611
1.08737, -0.115287
1.08946, -0.115966
1.09154, -0.116647
1.09361, -0.117331
1.09567, -0.118018
1.09773, -0.118708
1.09978, -0.1194
1.10183, -0.120096
1.10387, -0.120794
1.1059, -0.121495
1.10792, -0.122199
1.10994, -0.122906
1.11195, -0.123615
1.11396, -0.124328
1.11595, -0.125043
1.11795, -0.125762
1.11993, -0.126483
1.12191, -0.127207
1.12388, -0.127934
1.12584, -0.128664
1.1278, -0.129396
1.12975, -0.130132
1.1317, -0.130871
1.13364, -0.131612
1.13557, -0.132357
1.1375, -0.133104
1.13942, -0.133855
1.14133, -0.134608
1.14323, -0.135364
1.14513, -0.136123
1.14703, -0.136885
1.14892, -0.137651
1.1508, -0.138419
1.15267, -0.13919
1.15454, -0.139964
1.1564, -0.140741
1.15826, -0.141521
1.1601, -0.142304
1.16195, -0.14309
1.16378, -0.143879
1.16561, -0.144671
1.16744, -0.145466
1.16925, -0.146264
1.17107, -0.147065
1.17287, -0.147869
1.17467, -0.148677
1.17646, -0.149487
1.17825, -0.1503
1.18003, -0.151116
1.18181, -0.151936
1.18358, -0.152758
1.18534, -0.153583
1.18709, -0.154412
1.18884, -0.155244
1.19059, -0.156078
1.19233, -0.156916
1.19406, -0.157757
1.19579, -0.158601
1.19751, -0.159448
1.19922, -0.160298
1.20093, -0.161151
1.20264, -0.162007
1.20433, -0.162867
1.20602, -0.163729
1.20771, -0.164595
1.20939, -0.165463
1.21106, -0.166335
1.21273, -0.16721
1.2144, -0.168088
1.21605, -0.168969
1.21771, -0.169854
1.21935, -0.170741
1.22099, -0.171632
1.22263, -0.172525
1.22426, -0.173422
1.22588, -0.174322
1.2275, -0.175225
1.22911, -0.176132
1.23072, -0.177041
1.23232, -0.177954
1.23391, -0.17887
1.23551, -0.179789
1.23709, -0.180711
1.23867, -0.181636
1.24025, -0.182565
1.24182, -0.183496
1.24338, -0.184431
1.24494, -0.185369
1.24649, -0.186311
1.24804, -0.187255
1.24958, -0.188203
1.25112, -0.189153
1.25266, -0.190107
1.25418, -0.191065
1.25571, -0.192025
1.25722, -0.192989
1.25874, -0.193956
1.26024, -0.194926
1.26175, -0.195899
1.26324, -0.196875
1.26474, -0.197855
1.26622, -0.198838
1.26771, -0.199824
1.26919, -0.200813
1.27066, -0.201806
1.27213, -0.202802
1.27359, -0.203801
1.27505, -0.204803
1.2765, -0.205808
1.27795, -0.206817
1.2794, -0.207829
1.28084, -0.208844
1.28227, -0.209863
1.2837, -0.210884
1.28513, -0.211909
1.28655, -0.212938
1.28797, -0.213969
1.28938, -0.215004
1.29079, -0.216042
1.29219, -0.217083
1.29359, -0.218127
1.29499, -0.219175
1.29638, -0.220226
1.29776, -0.22128
1.29914, -0.222337
1.30052, -0.223398
1.30189, -0.224462
1.30326, -0.225529
1.30463, -0.2266
1.30599, -0.227674
1.30735, -0.228751
1.3087, -0.229831
1.31005, -0.230914
1.31139, -0.232001
1.31273, -0.233091
1.31407, -0.234185
1.3154, -0.235281
1.31672, -0.236381
1.31805, -0.237484
1.31937, -0.238591
1.32069, -0.239701
1.322, -0.240814
1.32331, -0.24193
1.32461, -0.243049
1.32591, -0.244172
1.32721, -0.245298
1.3285, -0.246428
1.32979, -0.247561
1.33108, -0.248696
1.33236, -0.249836
1.33364, -0.250978
1.33491, -0.252124
1.33618, -0.253273
1.33745, -0.254425
1.33872, -0.255581
1.33998, -0.25674
1.34124, -0.257902
1.34249, -0.259068
1.34374, -0.260237
1.34499, -0.261409
1.34623, -0.262584
1.34747, -0.263763
1.34871, -0.264944
1.34994, -0.26613
1.35117, -0.267318
1.3524, -0.26851
1.35363, -0.269705
1.35485, -0.270903
1.35607, -0.272105
1.35728, -0.27331
1.35849, -0.274518
1.3597, -0.275729
1.36091, -0.276944
1.36211, -0.278162
1.36331, -0.279383
1.36451, -0.280608
1.3657, -0.281836
1.36689, -0.283067
1.36808, -0.284302
1.36927, -0.285539
1.37045, -0.28678
1.37163, -0.288024
1.37281, -0.289272
1.37398, -0.290523
1.37515, -0.291777
1.37632, -0.293034
1.37749, -0.294295
1.37865, -0.295559
1.37981, -0.296826
1.38097, -0.298097
1.38213, -0.29937
1.38328, -0.300647
1.38443, -0.301928
1.38558, -0.303211
1.38673, -0.304498
1.38787, -0.305788
1.38901, -0.307082
1.39015, -0.308378
1.39129, -0.309678
1.39242, -0.310981
1.39356, -0.312288
1.39469, -0.313597
1.39581, -0.31491
1.39694, -0.316227
1.39806, -0.317546
1.39919, -0.318869
1.4003, -0.320195
1.40142, -0.321524
1.40254, -0.322857
1.40365, -0.324193
1.40476, -0.325532
1.40587, -0.326874
1.40698, -0.328219
1.40808, -0.329568
1.40919, -0.33092
1.41029, -0.332276
1.41139, -0.333634
1.41249, -0.334996
1.41358, -0.336361
1.41468, -0.337729
1.41577, -0.339101
1.41686, -0.340475
1.41795, -0.341853
1.41904, -0.343235
1.42013, -0.344619
1.42121, -0.346007
1.42229, -0.347398
1.42338, -0.348792
1.42446, -0.350189
1.42553, -0.35159
1.42661, -0.352994
1.42769, -0.354401
1.42876, -0.355811
1.42983, -0.357225
1.4309, -0.358641
1.43197, -0.360061
1.43304, -0.361485
1.43411, -0.362911
1.43518, -0.364341
1.43624, -0.365773
1.43731, -0.367209
1.43837, -0.368649
1.43943, -0.370091
1.44049, -0.371537
1.44155, -0.372986
1.44261, -0.374438
1.44366, -0.375893
1.44472, -0.377351
1.44578, -0.378813
1.44683, -0.380278
1.44788, -0.381746
1.44893, -0.383217
1.44999, -0.384691
1.45104, -0.386169
1.45209, -0.38765
1.45313, -0.389134
1.45418, -0.390621
1.45523, -0.392111
1.45628, -0.393605
1.45732, -0.395101
1.45837, -0.396601
1.45941, -0.398104
1.46045, -0.39961
1.4615, -0.40112
1.46254, -0.402632
1.46358, -0.404148
1.46462, -0.405666
1.46566, -0.407188
1.4667, -0.408714
1.46774, -0.410242
1.46878, -0.411773
1.46982, -0.413308
1.47086, -0.414846
1.47189, -0.416386
1.47293, -0.41793
1.47397, -0.419477
1.47501, -0.421028
1.47604, -0.422581
1.47708, -0.424138
1.47811, -0.425697
1.47915, -0.42726
1.48018, -0.428826
1.48122, -0.430395
1.48225, -0.431967
1.48329, -0.433542
1.48432, -0.435121
1.48536, -0.436702
1.48639, -0.438287
1.48743, -0.439875
1.48846, -0.441465
1.4895, -0.443059
1.49053, -0.444656
1.49156, -0.446256
1.4926, -0.44786
1.49363, -0.449466
1.49467, -0.451075
1.4957, -0.452688
1.49674, -0.454303
1.49777, -0.455922
1.49881, -0.457544
1.49984, -0.459168
1.50088, -0.460796
1.50192, -0.462427
1.50295, -0.464061
1.50399, -0.465698
1.50503, -0.467338
1.50606, -0.468982
1.5071, -0.470628
1.50814, -0.472277
1.50918, -0.473929
1.51022, -0.475585
1.51126, -0.477243
1.51229, -0.478905
1.51334, -0.480569
1.51438, -0.482237
1.51542, -0.483907
1.51646, -0.485581
1.5175, -0.487257
1.51854, -0.488937
1.51959, -0.49062
1.52063, -0.492305
1.52168, -0.493994
1.52272, -0.495686
1.52377, -0.497381
1.52482, -0.499078
1.52586, -0.500779
1.52691, -0.502483
1.52796, -0.50419
1.52901, -0.505899
1.53006, -0.507612
1.53112, -0.509328
1.53217, -0.511046
1.53322, -0.512768
1.53428, -0.514493
1.53533, -0.51622
1.53639, -0.517951
1.53745, -0.519685
1.53851, -0.521421
1.53957, -0.523161
1.54063, -0.524903
1.54169, -0.526649
1.54275, -0.528397
1.54381, -0.530148
1.54488, -0.531903
1.54594, -0.53366
1.54701, -0.53542
1.54808, -0.537183
1.54915, -0.538949
1.55022, -0.540718
1.55129, -0.54249
1.55237, -0.544265
1.55344, -0.546042
1.55452, -0.547823
1.55559, -0.549606
1.55667, -0.551393
1.55775, -0.553182
1.55883, -0.554975
1.55991, -0.55677
1.561, -0.558568
1.56208, -0.560369
1.56317, -0.562173
1.56426, -0.563979
1.56535, -0.565789
1.56644, -0.567601
1.56753, -0.569417
1.56863, -0.571235
1.56972, -0.573056
1.57082, -0.57488
1.57192, -0.576707
1.57302, -0.578536
1.57412, -0.580369
1.57523, -0.582204
1.57633, -0.584042
1.57744, -0.585883
1.57855, -0.587727
1.57966, -0.589574
1.58077, -0.591424
1.58189, -0.593276
1.583, -0.595131
1.58412, -0.596989
1.58524, -0.59885
1.58636, -0.600714
1.58749, -0.60258
1.58861, -0.604449
1.58974, -0.606321
1.59087, -0.608196
1.592, -0.610074
1.59313, -0.611954
1.59427, -0.613837
1.5954, -0.615723
1.59654, -0.617612
1.59768, -0.619503
1.59882, -0.621398
1.59997, -0.623295
1.60112, -0.625194
1.60227, -0.627097
1.60342, -0.629002
1.60457, -0.63091
1.60573, -0.632821
1.60688, -0.634734
1.60804, -0.636651
1.60921, -0.63857
1.61037, -0.640491
1.61154, -0.642416
1.6127, -0.644343
1.61388, -0.646273
1.61505, -0.648205
1.61622, -0.65014
1.6174, -0.652078
1.61858, -0.654019
1.61977, -0.655962
1.62095, -0.657908
1.62214, -0.659857
1.62333, -0.661808
1.62452, -0.663762
1.62571, -0.665719
1.62691, -0.667678
1.62811, -0.66964
1.62931, -0.671605
1.63052, -0.673572
1.63172, -0.675542
1.63293, -0.677514
1.63414, -0.679489
1.63536, -0.681467
1.63658, -0.683448
1.6378, -0.685431
1.63902, -0.687416
1.64024, -0.689405
1.64147, -0.691395
1.6427, -0.693389
1.64393, -0.695385
1.64517, -0.697384
1.64641, -0.699385
1.64765, -0.701389
1.64889, -0.703395
1.65014, -0.705404
1.65139, -0.707415
1.65264, -0.709429
1.6539, -0.711446
1.65515, -0.713465
1.65641, -0.715487
1.65768, -0.717511
1.65894, -0.719538
1.66021, -0.721567
1.66149, -0.723599
1.66276, -0.725633
1.66404, -0.72767
1.66532, -0.72971
1.6666, -0.731751
1.66789, -0.733796
1.66918, -0.735843
1.67047, -0.737892
1.67177, -0.739944
1.67307, -0.741998
1.67437, -0.744055
1.67568, -0.746114
1.67698, -0.748176
1.6783, -0.75024
1.67961, -0.752306
1.68093, -0.754375
1.68225, -0.756447
1.68357, -0.75852
1.6849, -0.760597
1.68623, -0.762675
1.68756, -0.764757
1.6889, -0.76684
1.69024, -0.768926
1.69158, -0.771014
1.69293, -0.773105
1.69428, -0.775198
1.69563, -0.777293
1.69699, -0.779391
1.69835, -0.781491
1.69971, -0.783594
1.70108, -0.785699
1.70245, -0.787806
1.70382, -0.789916
1.7052, -0.792028
1.70658, -0.794142
1.70796, -0.796258
1.70935, -0.798377
1.71074, -0.800498
1.71214, -0.802622
1.71353, -0.804748
1.71493, -0.806876
1.71634, -0.809006
1.71775, -0.811139
1.71916, -0.813274
1.72057, -0.815411
1.72199, -0.81755
1.72342, -0.819692
1.72484, -0.821836
1.72627, -0.823982
1.72771, -0.82613
1.72914, -0.828281
1.73058, -0.830434
1.73203, -0.832589
1.73348, -0.834746
1.73493, -0.836905
1.73638, -0.839067
1.73784, -0.841231
1.73931, -0.843397
1.74077, -0.845565
1.74224, -0.847735
1.74372, -0.849908
1.7452, -0.852082
1.74668, -0.854259
1.74816, -0.856438
1.74965, -0.858619
1.75115, -0.860802
1.75265, -0.862987
1.75415, -0.865175
1.75565, -0.867364
1.75716, -0.869556
1.75868, -0.871749
1.76019, -0.873945
1.76171, -0.876143
1.76324, -0.878343
1.76477, -0.880545
1.7663, -0.882748
1.76784, -0.884954
1.76938, -0.887162
1.77093, -0.889373
1.77248, -0.891585
1.77403, -0.893799
1.77559, -0.896015
1.77715, -0.898233
1.77871, -0.900453
1.78028, -0.902675
1.78186, -0.904899
1.78344, -0.907125
1.78502, -0.909353
1.78661, -0.911583
1.7882, -0.913814
1.78979, -0.916048
1.79139, -0.918284
1.793, -0.920521
1.7946, -0.922761
1.79622, -0.925002
1.79783, -0.927246
1.79945, -0.929491
1.80108, -0.931738
1.80271, -0.933987
1.80434, -0.936237
1.80598, -0.93849
1.80762, -0.940745
1.80927, -0.943001
1.81092, -0.945259
1.81258, -0.947519
1.81424, -0.949781
1.8159, -0.952044
1.81757, -0.954309
1.81924, -0.956577
1.82092, -0.958845
1.82261, -0.961116
1.82429, -0.963388
1.82598, -0.965663
1.82768, -0.967938
1.82938, -0.970216
1.83109, -0.972495
1.8328, -0.974776
1.83451, -0.977059
1.83623, -0.979344
1.83795, -0.98163
1.83968, -0.983918
1.84141, -0.986207
1.84315, -0.988498
1.84489, -0.990791
1.84664, -0.993085
1.84839, -0.995381
1.85015, -0.997679
1.85191, -0.999978
1.85367, -1.00228
1.85544, -1.00458
1.85722, -1.00689
1.859, -1.00919
1.86078, -1.0115
1.86257, -1.01381
1.86437, -1.01612
1.86616, -1.01843
1.86797, -1.02074
1.86978, -1.02306
1.87159, -1.02537
1.87341, -1.02769
1.87523, -1.03001
1.87706, -1.03233
1.87889, -1.03465
1.88073, -1.03698
1.88257, -1.0393
1.88442, -1.04163
1.88627, -1.04396
1.88813, -1.04629
1.88999, -1.04862
1.89186, -1.05095
1.89373, -1.05328
1.89561, -1.05562
1.89749, -1.05795
1.89938, -1.06029
1.90127, -1.06263
1.90317, -1.06497
1.90507, -1.06731
1.90698, -1.06966
1.90889, -1.072
1.91081, -1.07435
1.91274, -1.07669
1.91466, -1.07904
1.9166, -1.08139
1.91854, -1.08374
1.92048, -1.08609
1.92243, -1.08845
1.92438, -1.0908
1.92634, -1.09316
1.9283, -1.09551
1.93027, -1.09787
1.93225, -1.10023
1.93423, -1.10259
1.93621, -1.10495
1.9382, -1.10731
1.9402, -1.10968
1.9422, -1.11204
1.94421, -1.11441
1.94622, -1.11677
1.94824, -1.11914
1.95026, -1.12151
1.95229, -1.12388
1.95432, -1.12625
1.95636, -1.12862
1.9584, -1.131
1.96045, -1.13337
1.9625, -1.13575
1.96456, -1.13812
1.96663, -1.1405
1.9687, -1.14288
1.97078, -1.14526
1.97286, -1.14764
1.97494, -1.15002
1.97704, -1.1524
1.97913, -1.15478
1.98124, -1.15717
1.98335, -1.15955
1.98546, -1.16194
1.98758, -1.16432
1.98971, -1.16671
1.99184, -1.1691
1.99397, -1.17149
1.99612, -1.17388
1.99826, -1.17627
2.00042, -1.17866
2.00258, -1.18105
2.00474, -1.18344
2.00691, -1.18583
2.00909, -1.18823
2.01127, -1.19062
2.01345, -1.19302
2.01565, -1.19541
2.01785, -1.19781
2.02005, -1.20021
2.02226, -1.20261
2.02447, -1.20501
2.0267, -1.20741
2.02892, -1.20981
2.03115, -1.21221
2.03339, -1.21461
2.03564, -1.21701
2.03789, -1.21941
2.04014, -1.22181
2.0424, -1.22422
2.04467, -1.22662
2.04694, -1.22903
2.04922, -1.23143
2.05151, -1.23384
2.0538, -1.23624
2.05609, -1.23865
2.05839, -1.24105
2.0607, -1.24346
2.06302, -1.24587
2.06534, -1.24828
2.06766, -1.25069
2.06999, -1.25309
2.07233, -1.2555
2.07467, -1.25791
2.07702, -1.26032
2.07938, -1.26273
2.08174, -1.26514
2.0841, -1.26755
2.08648, -1.26996
2.08885, -1.27237
2.09124, -1.27479
2.09363, -1.2772
2.09603, -1.27961
2.09843, -1.28202
2.10084, -1.28443
2.10325, -1.28685
2.10567, -1.28926
2.1081, -1.29167
2.11053, -1.29408
2.11297, -1.2965
2.11541, -1.29891
2.11786, -1.30132
2.12032, -1.30374
2.12278, -1.30615
2.12525, -1.30856
2.12773, -1.31098
2.13021, -1.31339
2.1327, -1.3158
2.13519, -1.31821
2.13769, -1.32063
2.14019, -1.32304
2.14271, -1.32545
2.14522, -1.32787
2.14775, -1.33028
2.15028, -1.33269
2.15281, -1.3351
2.15536, -1.33752
2.15791, -1.33993
2.16046, -1.34234
2.16302, -1.34475
2.16559, -1.34717
2.16816, -1.34958
2.17074, -1.35199
2.17333, -1.3544
2.17592, -1.35681
2.17852, -1.35922
2.18112, -1.36163
2.18373, -1.36404
2.18635, -1.36645
2.18897, -1.36886
2.1916, -1.37127
2.19424, -1.37368
2.19688, -1.37608
2.19953, -1.37849
2.20219, -1.3809
2.20485, -1.38331
2.20751, -1.38571
2.21019, -1.38812
2.21287, -1.39052
2.21555, -1.39293
2.21825, -1.39533
2.22095, -1.39774
2.22365, -1.40014
2.22636, -1.40254
2.22908, -1.40494
2.23181, -1.40735
2.23454, -1.40975
2.23728, -1.41215
2.24002, -1.41455
2.24277, -1.41694
2.24553, -1.41934
2.24829, -1.42174
2.25106, -1.42414
2.25383, -1.42653
2.25662, -1.42893
2.2594, -1.43132
2.2622, -1.43372
2.265, -1.43611
2.26781, -1.4385
2.27062, -1.44089
2.27344, -1.44328
2.27627, -1.44567
2.27911, -1.44806
2.28195, -1.45045
2.28479, -1.45284
2.28765, -1.45522
2.2905, -1.45761
2.29337, -1.45999
2.29624, -1.46237
2.29912, -1.46476
2.30201, -1.46714
2.3049, -1.46952
2.3078, -1.4719
2.3107, -1.47427
2.31362, -1.47665
2.31653, -1.47903
2.31946, -1.4814
2.32239, -1.48377
2.32533, -1.48615
2.32827, -1.48852
2.33122, -1.49089
2.33418, -1.49325
2.33714, -1.49562
2.34012, -1.49799
2.34309, -1.50035
2.34608, -1.50272
2.34907, -1.50508
2.35206, -1.50744
2.35507, -1.5098
2.35808, -1.51216
2.36109, -1.51451
2.36412, -1.51687
2.36715, -1.51922
2.37018, -1.52158
2.37323, -1.52393
2.37628, -1.52628
2.37933, -1.52862
2.38239, -1.53097
2.38546, -1.53332
2.38854, -1.53566
2.39162, -1.538
2.39471, -1.54034
2.39781, -1.54268
2.40091, -1.54502
2.40402, -1.54736
2.40713, -1.54969
2.41026, -1.55202
2.41338, -1.55435
2.41652, -1.55668
2.41966, -1.55901
2.42281, -1.56133
2.42597, -1.56366
2.42913, -1.56598
2.4323, -1.5683
2.43547, -1.57062
2.43865, -1.57294
2.44184, -1.57525
2.44504, -1.57756
2.44824, -1.57988
2.45145, -1.58218
2.45466, -1.58449
2.45789, -1.5868
2.46111, -1.5891
2.46435, -1.5914
2.46759, -1.5937
2.47084, -1.596
2.4741, -1.59829
2.47736, -1.60059
2.48063, -1.60288
2.4839, -1.60517
2.48718, -1.60746
2.49047, -1.60974
2.49377, -1.61202
2.49707, -1.6143
2.50038, -1.61658
2.50369, -1.61886
2.50701, -1.62113
2.51034, -1.62341
2.51368, -1.62568
2.51702, -1.62794
2.52037, -1.63021
2.52372, -1.63247
2.52708, -1.63473
2.53045, -1.63699
2.53383, -1.63925
2.53721, -1.6415
2.5406, -1.64375
2.54399, -1.646
2.54739, -1.64825
2.5508, -1.65049
2.55422, -1.65273
2.55764, -1.65497
2.56107, -1.65721
2.5645, -1.65944
2.56794, -1.66167
2.57139, -1.6639
2.57484, -1.66613
2.57831, -1.66835
2.58177, -1.67057
2.58525, -1.67279
2.58873, -1.675
2.59222, -1.67722
2.59571, -1.67943
2.59921, -1.68163
2.60272, -1.68384
2.60624, -1.68604
2.60976, -1.68824
2.61329, -1.69044
2.61682, -1.69263
2.62036, -1.69482
2.62391, -1.69701
2.62746, -1.6992
2.63102, -1.70138
2.63459, -1.70356
2.63817, -1.70573
2.64175, -1.70791
2.64533, -1.71008
2.64893, -1.71225
2.65253, -1.71441
2.65614, -1.71657
2.65975, -1.71873
2.66337, -1.72089
2.667, -1.72304
2.67063, -1.72519
2.67427, -1.72733
2.67792, -1.72948
2.68157, -1.73162
2.68523, -1.73375
2.6889, -1.73589
2.69257, -1.73802
2.69625, -1.74015
2.69993, -1.74227
2.70363, -1.74439
2.70733, -1.74651
2.71103, -1.74862
2.71474, -1.75073
2.71846, -1.75284
2.72219, -1.75494
2.72592, -1.75705
2.72966, -1.75914
2.7334, -1.76124
2.73715, -1.76333
2.74091, -1.76542
2.74467, -1.7675
2.74845, -1.76958
2.75222, -1.77166
2.75601, -1.77373
2.7598, -1.7758
2.76359, -1.77787
2.7674, -1.77993
2.77121, -1.78199
2.77502, -1.78404
2.77884, -1.7861
2.78267, -1.78814
2.78651, -1.79019
2.79035, -1.79223
2.7942, -1.79427
2.79805, -1.7963
2.80191, -1.79833
2.80578, -1.80036
2.80966, -1.80238
2.81354, -1.8044
2.81742, -1.80641
2.82132, -1.80842
2.82521, -1.81043
2.82912, -1.81243
2.83303, -1.81443
2.83695, -1.81643
2.84088, -1.81842
2.84481, -1.82041
2.84874, -1.82239
2.85269, -1.82437
2.85664, -1.82634
2.86059, -1.82832
2.86456, -1.83028
2.86853, -1.83225
2.8725, -1.83421
2.87648, -1.83616
2.88047, -1.83811
2.88446, -1.84006
2.88846, -1.842
2.89247, -1.84394
2.89648, -1.84588
2.9005, -1.84781
2.90453, -1.84974
2.90856, -1.85166
2.9126, -1.85358
2.91664, -1.85549
2.92069, -1.8574
2.92475, -1.8593
2.92881, -1.86121
2.93288, -1.8631
2.93695, -1.86499
2.94103, -1.86688
2.94512, -1.86877
2.94922, -1.87065
2.95331, -1.87252
2.95742, -1.87439
2.96153, -1.87626
2.96565, -1.87812
2.96977, -1.87998
2.9739, -1.88183
2.97804, -1.88368
2.98218, -1.88552
2.98633, -1.88736
2.99048, -1.88919
2.99464, -1.89102
2.99881, -1.89285
3.00298, -1.89467
3.00716, -1.89649
3.01134, -1.8983
3.01553, -1.9001
3.01973, -1.90191
3.02393, -1.9037
3.02814, -1.9055
3.03235, -1.90728
3.03657, -1.90907
3.0408, -1.91085
3.04503, -1.91262
3.04927, -1.91439
3.05351, -1.91615
3.05776, -1.91791
3.06201, -1.91967
3.06627, -1.92142
3.07054, -1.92316
3.07481, -1.9249
3.07909, -1.92664
3.08338, -1.92837
3.08767, -1.93009
3.09196, -1.93181
3.09626, -1.93353
3.10057, -1.93524
3.10488, -1.93695
3.1092, -1.93865
3.11353, -1.94034
3.11786, -1.94203
3.12219, -1.94372
3.12653, -1.9454
3.13088, -1.94707
3.13523, -1.94874
3.13959, -1.95041
3.14396, -1.95207
3.14833, -1.95372
3.1527, -1.95537
3.15708, -1.95702
3.16147, -1.95866
3.16586, -1.96029
3.17026, -1.96192
3.17466, -1.96354
3.17907, -1.96516
3.18349, -1.96678
3.18791, -1.96838
3.19233, -1.96999
3.19676, -1.97158
3.2012, -1.97318
3.20564, -1.97476
3.21009, -1.97634
3.21454, -1.97792
3.219, -1.97949
3.22346, -1.98106
3.22793, -1.98262
3.2324, -1.98417
3.23688, -1.98572
3.24137, -1.98726
3.24586, -1.9888
3.25035, -1.99034
3.25486, -1.99186
3.25936, -1.99338
3.26387, -1.9949
3.26839, -1.99641
3.27291, -1.99792
3.27744, -1.99942
3.28197, -2.00091
3.28651, -2.0024
3.29105, -2.00388
3.2956, -2.00536
3.30015, -2.00683
3.30471, -2.0083
3.30928, -2.00976
3.31385, -2.01121
3.31842, -2.01266
3.323, -2.01411
3.32758, -2.01555
3.33217, -2.01698
3.33677, -2.0184
3.34136, -2.01983
3.34597, -2.02124
3.35058, -2.02265
3.35519, -2.02405
3.35981, -2.02545
3.36444, -2.02684
3.36906, -2.02823
3.3737, -2.02961
3.37834, -2.03099
3.38298, -2.03235
3.38763, -2.03372
3.39228, -2.03507
3.39694, -2.03643
3.40161, -2.03777
3.40627, -2.03911
3.41095, -2.04044
3.41563, -2.04177
3.42031, -2.04309
3.425, -2.04441
3.42969, -2.04572
3.43438, -2.04702
3.43909, -2.04832
3.44379, -2.04962
3.4485, -2.0509
3.45322, -2.05218
3.45794, -2.05346
3.46266, -2.05472
3.46739, -2.05599
3.47213, -2.05724
3.47687, -2.05849
3.48161, -2.05974
3.48636, -2.06098
3.49111, -2.06221
3.49587, -2.06343
3.50063, -2.06465
3.50539, -2.06587
3.51016, -2.06707
3.51492, -2.06828
3.51969, -2.06947
3.52445, -2.07066
3.52921, -2.07185
3.53397, -2.07302
3.53874, -2.07419
3.5435, -2.07536
3.54826, -2.07652
3.55302, -2.07768
3.55778, -2.07882
3.56253, -2.07997
3.56729, -2.0811
3.57205, -2.08224
3.57681, -2.08336
3.58156, -2.08448
3.58632, -2.0856
3.59107, -2.08671
3.59583, -2.08781
3.60058, -2.08891
3.60533, -2.09
3.61009, -2.09109
3.61484, -2.09217
3.61959, -2.09324
3.62434, -2.09431
3.62909, -2.09538
3.63384, -2.09644
3.63859, -2.09749
3.64334, -2.09854
3.64809, -2.09959
3.65283, -2.10063
3.65758, -2.10166
3.66233, -2.10269
3.66707, -2.10371
3.67182, -2.10473
3.67656, -2.10574
3.6813, -2.10675
3.68605, -2.10776
3.69079, -2.10875
3.69553, -2.10975
3.70027, -2.11074
3.70502, -2.11172
3.70976, -2.1127
3.7145, -2.11367
3.71923, -2.11464
3.72397, -2.1156
3.72871, -2.11656
3.73345, -2.11751
3.73819, -2.11846
3.74292, -2.11941
3.74766, -2.12035
3.75239, -2.12128
3.75713, -2.12221
3.76186, -2.12314
3.76659, -2.12406
3.77133, -2.12497
3.77606, -2.12588
3.78079, -2.12679
3.78552, -2.12769
3.79025, -2.12859
3.79498, -2.12948
3.79971, -2.13037
3.80444, -2.13125
3.80917, -2.13213
3.8139, -2.13301
3.81862, -2.13388
3.82335, -2.13474
3.82808, -2.13561
3.8328, -2.13646
3.83752, -2.13732
3.84225, -2.13816
3.84697, -2.13901
3.85169, -2.13985
3.85642, -2.14068
3.86114, -2.14151
3.86586, -2.14234
3.87058, -2.14316
3.8753, -2.14398
3.88002, -2.14479
3.88474, -2.1456
3.88946, -2.14641
3.89417, -2.14721
3.89889, -2.14801
3.90361, -2.1488
3.90832, -2.14959
3.91304, -2.15038
3.91775, -2.15116
3.92247, -2.15193
3.92718, -2.15271
3.93189, -2.15347
3.9366, -2.15424
3.94131, -2.155
3.94603, -2.15576
3.95074, -2.15651
3.95545, -2.15726
3.96015, -2.158
3.96486, -2.15874
3.96957, -2.15948
3.97428, -2.16021
3.97898, -2.16094
3.98369, -2.16167
3.9884, -2.16239
3.9931, -2.16311
3.99781, -2.16382
4.00251, -2.16453
4.00721, -2.16523
4.01191, -2.16594
4.01662, -2.16664
4.02132, -2.16733
4.02602, -2.16802
4.03072, -2.16871
4.03542, -2.16939
4.04012, -2.17007
4.04482, -2.17075
4.04951, -2.17142
4.05421, -2.17209
4.05891, -2.17275
4.0636, -2.17342
4.0683, -2.17407
4.07299, -2.17473
4.07769, -2.17538
4.08238, -2.17603
4.08707, -2.17667
4.09176, -2.17731
4.09646, -2.17795
4.10115, -2.17858
4.10584, -2.17921
4.11053, -2.17984
4.11522, -2.18046
4.1199, -2.18108
4.12459, -2.18169
4.12928, -2.18231
4.13397, -2.18291
4.13865, -2.18352
4.14334, -2.18412
4.14802, -2.18472
4.15271, -2.18532
4.15739, -2.18591
4.16207, -2.1865
4.16676, -2.18708
4.17144, -2.18766
4.17612, -2.18824
4.1808, -2.18882
4.18548, -2.18939
4.19016, -2.18996
4.19484, -2.19052
4.19952, -2.19108
4.20419, -2.19164
4.20887, -2.1922
4.21355, -2.19275
4.21822, -2.1933
4.2229, -2.19384
4.22757, -2.19439
4.23224, -2.19493
4.23692, -2.19546
4.24159, -2.19599
4.24626, -2.19652
4.25093, -2.19705
4.2556, -2.19758
4.26027, -2.1981
4.26494, -2.19861
4.26961, -2.19913
4.27428, -2.19964
4.27895, -2.20015
4.28361, -2.20065
4.28828, -2.20115
4.29295, -2.20165
4.29761, -2.20215
4.30227, -2.20264
4.30694, -2.20313
4.3116, -2.20362
4.31626, -2.2041
4.32093, -2.20458
4.32559, -2.20506
4.33025, -2.20553
4.33491, -2.20601
4.33957, -2.20647
4.34422, -2.20694
4.34888, -2.2074
4.35354, -2.20786
4.3582, -2.20832
4.36285, -2.20877
4.36751, -2.20923
4.37216, -2.20967
4.37682, -2.21012
4.38147, -2.21056
4.38612, -2.211
4.39077, -2.21144
4.39543, -2.21187
4.40008, -2.2123
4.40473, -2.21273
4.40938, -2.21316
4.41403, -2.21358
4.41867, -2.214
4.42332, -2.21442
4.42797, -2.21483
4.43262, -2.21525
4.43726, -2.21565
4.44191, -2.21606
4.44655, -2.21646
4.45119, -2.21686
4.45584, -2.21726
4.46048, -2.21766
4.46512, -2.21805
4.46976, -2.21844
4.4744, -2.21883
4.47904, -2.21921
4.48368, -2.21959
4.48832, -2.21997
4.49296, -2.22035
4.4976, -2.22072
4.50223, -2.22109
4.50687, -2.22146
4.51151, -2.22183
4.51616, -2.22219
4.5208, -2.22255
4.52545, -2.22291
4.53011, -2.22326
4.53476, -2.22361
4.53942, -2.22396
4.54409, -2.22431
4.54875, -2.22465
4.55342, -2.22499
4.55809, -2.22533
4.56277, -2.22567
4.56745, -2.226
4.57213, -2.22633
4.57682, -2.22666
4.5815, -2.22698
4.58619, -2.2273
4.59089, -2.22762
4.59559, -2.22793
4.60029, -2.22824
4.60499, -2.22855
4.6097, -2.22885
4.61441, -2.22916
4.61912, -2.22945
4.62383, -2.22975
4.62855, -2.23004
4.63327, -2.23033
4.638, -2.23062
4.64273, -2.2309
4.64746, -2.23118
4.65219, -2.23146
4.65693, -2.23173
4.66167, -2.232
4.66641, -2.23226
4.67116, -2.23253
4.67591, -2.23279
4.68066, -2.23304
4.68541, -2.2333
4.69017, -2.23355
4.69493, -2.23379
4.6997, -2.23403
4.70446, -2.23427
4.70923, -2.23451
4.714, -2.23474
4.71878, -2.23497
4.72356, -2.23519
4.72834, -2.23541
4.73312, -2.23563
4.73791, -2.23585
4.7427, -2.23606
4.74749, -2.23626
4.75229, -2.23647
4.75709, -2.23667
4.76189, -2.23686
4.7667, -2.23705
4.7715, -2.23724
4.77631, -2.23743
4.78113, -2.23761
4.78594, -2.23778
4.79076, -2.23796
4.79558, -2.23813
4.80041, -2.23829
4.80523, -2.23845
4.81006, -2.23861
4.8149, -2.23876
4.81973, -2.23891
4.82457, -2.23906
4.82941, -2.2392
4.83426, -2.23934
4.8391, -2.23948
4.84395, -2.23961
4.8488, -2.23973
4.85366, -2.23985
4.85852, -2.23997
4.86338, -2.24009
4.86824, -2.2402
4.8731, -2.2403
4.87797, -2.2404
4.88284, -2.2405
4.88772, -2.2406
4.89259, -2.24069
4.89747, -2.24077
4.90235, -2.24085
4.90724, -2.24093
4.91212, -2.241
4.91701, -2.24107
4.9219, -2.24113
4.9268, -2.2412
4.93169, -2.24125
4.93659, -2.2413
4.9415, -2.24135
4.9464, -2.24139
4.95131, -2.24143
4.95622, -2.24147
4.96113, -2.2415
4.96604, -2.24152
4.97096, -2.24154
4.97588, -2.24156
4.9808, -2.24157
4.98573, -2.24158
4.99065, -2.24159
4.99558, -2.24158
5.00051, -2.24158
5.00545, -2.24157
5.01039, -2.24156
5.01532, -2.24154
5.02027, -2.24151
5.02521, -2.24149
5.03016, -2.24145
5.0351, -2.24142
5.04005, -2.24138
5.04501, -2.24133
5.04996, -2.24128
5.05492, -2.24123
5.05988, -2.24117
5.06484, -2.2411
5.06981, -2.24103
5.07477, -2.24096
5.07974, -2.24088
5.08471, -2.2408
5.08969, -2.24071
5.09466, -2.24062
5.09964, -2.24052
5.10462, -2.24042
5.1096, -2.24032
5.11459, -2.24021
5.11957, -2.24009
5.12456, -2.23997
5.12955, -2.23985
5.13455, -2.23972
5.13954, -2.23958
5.14454, -2.23944
5.14954, -2.2393
5.15454, -2.23915
5.15954, -2.23899
5.16455, -2.23884
5.16955, -2.23867
5.17456, -2.2385
5.17957, -2.23833
5.18459, -2.23815
5.1896, -2.23797
5.19462, -2.23778
5.19964, -2.23759
5.20466, -2.23739
5.20968, -2.23719
5.21471, -2.23698
5.21974, -2.23677
5.22477, -2.23655
5.2298, -2.23633
5.23483, -2.2361
5.23986, -2.23587
5.2449, -2.23564
5.24994, -2.23539
5.25498, -2.23515
5.26002, -2.23489
5.26506, -2.23464
5.27011, -2.23438
5.27516, -2.23411
5.28021, -2.23384
5.28526, -2.23356
5.29031, -2.23328
5.29536, -2.23299
5.30042, -2.2327
5.30548, -2.2324
5.31054, -2.2321
5.3156, -2.23179
5.32066, -2.23148
5.32572, -2.23116
5.33079, -2.23084
5.33586, -2.23051
5.34093, -2.23018
5.346, -2.22984
5.35107, -2.2295
5.35614, -2.22915
5.36122, -2.22879
5.3663, -2.22844
5.37137, -2.22807
5.37645, -2.2277
5.38154, -2.22733
5.38662, -2.22695
5.3917, -2.22657
5.39679, -2.22618
5.40188, -2.22578
5.40697, -2.22538
5.41206, -2.22498
5.41715, -2.22457
5.42224, -2.22415
5.42734, -2.22373
5.43243, -2.2233
5.43753, -2.22287
5.44263, -2.22244
5.44773, -2.222
5.45283, -2.22155
5.45793, -2.2211
5.46304, -2.22064
5.46814, -2.22018
5.47325, -2.21971
5.47836, -2.21924
5.48346, -2.21876
5.48857, -2.21827
5.49369, -2.21779
5.4988, -2.21729
5.50391, -2.21679
5.50903, -2.21629
5.51414, -2.21578
5.51926, -2.21526
5.52438, -2.21474
5.52949, -2.21422
5.5346, -2.21369
5.53971, -2.21316
5.54482, -2.21263
5.54992, -2.2121
5.55501, -2.21156
5.56011, -2.21102
5.5652, -2.21047
5.57029, -2.20992
5.57537, -2.20937
5.58046, -2.20882
5.58553, -2.20826
5.59061, -2.2077
5.59568, -2.20713
5.60075, -2.20657
5.60581, -2.206
5.61087, -2.20542
5.61593, -2.20485
5.62099, -2.20427
5.62604, -2.20368
5.63109, -2.2031
5.63613, -2.20251
5.64117, -2.20192
5.64621, -2.20132
5.65124, -2.20072
5.65627, -2.20012
5.6613, -2.19952
5.66632, -2.19891
5.67134, -2.1983
5.67636, -2.19768
5.68137, -2.19707
5.68638, -2.19645
5.69139, -2.19582
5.69639, -2.1952
5.70139, -2.19457
5.70638, -2.19393
5.71137, -2.1933
5.71636, -2.19266
5.72134, -2.19202
5.72632, -2.19137
5.7313, -2.19072
5.73627, -2.19007
5.74124, -2.18942
5.74621, -2.18876
5.75117, -2.1881
5.75613, -2.18743
5.76108, -2.18677
5.76604, -2.1861
5.77098, -2.18542
5.77593, -2.18475
5.78087, -2.18407
5.7858, -2.18339
5.79073, -2.1827
5.79566, -2.18201
5.80059, -2.18132
5.80551, -2.18063
5.81042, -2.17993
5.81534, -2.17923
5.82025, -2.17853
5.82515, -2.17782
5.83005, -2.17711
5.83495, -2.1764
5.83985, -2.17568
5.84474, -2.17497
5.84962, -2.17425
5.8545, -2.17352
5.85938, -2.17279
5.86426, -2.17206
5.86913, -2.17133
5.87399, -2.1706
5.87886, -2.16986
5.88371, -2.16911
5.88857, -2.16837
5.89342, -2.16762
5.89827, -2.16687
5.90311, -2.16612
5.90795, -2.16536
5.91278, -2.1646
5.91761, -2.16384
5.92244, -2.16308
5.92726, -2.16231
5.93208, -2.16154
5.9369, -2.16076
5.94171, -2.15999
5.94652, -2.15921
5.95132, -2.15843
5.95612, -2.15764
5.96091, -2.15685
5.9657, -2.15606
5.97049, -2.15527
5.97527, -2.15447
5.98005, -2.15367
5.98482, -2.15287
5.98959, -2.15207
5.99436, -2.15126
5.99912, -2.15045
6.00388, -2.14964
6.00863, -2.14882
6.01338, -2.148
6.01812, -2.14718
6.02286, -2.14636
6.0276, -2.14553
6.03233, -2.1447
6.03706, -2.14387
6.04179, -2.14304
6.04651, -2.1422
6.05122, -2.14136
6.05593, -2.14052
6.06064, -2.13967
6.06534, -2.13882
6.07004, -2.13797
6.07474, -2.13712
6.07943, -2.13627
6.08411, -2.13541
6.0888, -2.13455
6.09347, -2.13368
6.09815, -2.13282
6.10282, -2.13195
6.10748, -2.13108
6.11214, -2.1302
6.1168, -2.12933
6.12145, -2.12845
6.1261, -2.12757
6.13074, -2.12668
6.13538, -2.12579
6.14002, -2.12491
6.14465, -2.12401
6.14927, -2.12312
6.15389, -2.12222
6.15851, -2.12132
6.16312, -2.12042
6.16773, -2.11952
6.17234, -2.11861
6.17694, -2.1177
6.18153, -2.11679
6.18613, -2.11588
6.19071, -2.11496
6.1953, -2.11404
6.19987, -2.11312
6.20445, -2.1122
6.20902, -2.11127
6.21358, -2.11034
6.21814, -2.10941
6.2227, -2.10848
6.22725, -2.10755
6.2318, -2.10661
6.23634, -2.10567
6.24088, -2.10473
6.24542, -2.10378
6.24995, -2.10283
6.25447, -2.10189
6.25899, -2.10093
6.26351, -2.09998
6.26802, -2.09902
6.27253, -2.09807
6.27704, -2.09711
6.28153, -2.09614
6.28603, -2.09518
6.29052, -2.09421
6.29501, -2.09324
6.29949, -2.09227
6.30396, -2.0913
6.30844, -2.09032
6.3129, -2.08934
6.31737, -2.08836
6.32183, -2.08738
6.32628, -2.0864
6.33073, -2.08541
6.33518, -2.08442
6.33962, -2.08343
6.34406, -2.08244
6.34849, -2.08144
6.35292, -2.08044
6.35734, -2.07944
6.36176, -2.07844
6.36617, -2.07744
6.37058, -2.07643
6.37499, -2.07543
6.37939, -2.07442
6.38379, -2.07341
6.38818, -2.07239
6.39257, -2.07138
6.39695, -2.07036
6.40133, -2.06934
6.4057, -2.06832
6.41007, -2.06729
6.41444, -2.06627
6.4188, -2.06524
6.42315, -2.06421
6.4275, -2.06318
6.43185, -2.06215
6.43619, -2.06111
6.44053, -2.06007
6.44486, -2.05904
6.44919, -2.05799
6.45352, -2.05695
6.45784, -2.05591
6.46215, -2.05486
6.46646, -2.05381
6.47077, -2.05276
6.47507, -2.05171
6.47937, -2.05066
6.48366, -2.0496
6.48795, -2.04854
6.49224, -2.04749
6.49651, -2.04642
6.50079, -2.04536
6.50506, -2.0443
6.50933, -2.04323
6.51359, -2.04216
6.51784, -2.04109
6.5221, -2.04002
6.52634, -2.03895
6.53059, -2.03787
6.53482, -2.0368
6.53906, -2.03572
6.54329, -2.03464
6.54751, -2.03356
6.55173, -2.03247
6.55595, -2.03139
6.56016, -2.0303
6.56437, -2.02921
6.56857, -2.02812
6.57277, -2.02703
6.57696, -2.02594
6.58115, -2.02484
6.58533, -2.02375
6.58951, -2.02265
6.59369, -2.02155
6.59786, -2.02045
6.60203, -2.01935
6.60619, -2.01824
6.61034, -2.01714
6.6145, -2.01603
6.61864, -2.01492
6.62279, -2.01381
6.62693, -2.0127
6.63106, -2.01159
6.63519, -2.01047
6.63932, -2.00936
6.64344, -2.00824
6.64755, -2.00712
6.65167, -2.006
6.65577, -2.00488
6.65988, -2.00375
6.66397, -2.00263
6.66807, -2.0015
6.67216, -2.00037
6.67624, -1.99924
6.68032, -1.99811
6.6844, -1.99698
6.68847, -1.99585
6.69254, -1.99471
6.6966, -1.99358
6.70066, -1.99244
6.70471, -1.9913
6.70876, -1.99016
6.7128, -1.98902
6.71684, -1.98788
6.72088, -1.98673
6.72491, -1.98559
6.72893, -1.98444
6.73295, -1.98329
6.73697, -1.98215
6.74098, -1.981
6.74499, -1.97984
6.749, -1.97869
6.753, -1.97754
6.75699, -1.97638
6.76098, -1.97522
6.76497, -1.97407
6.76895, -1.97291
6.77292, -1.97175
6.7769, -1.97059
6.78086, -1.96942
6.78483, -1.96826
6.78879, -1.9671
6.79274, -1.96593
6.79669, -1.96476
6.80064, -1.96359
6.80458, -1.96242
6.80851, -1.96125
6.81245, -1.96008
6.81637, -1.95891
6.8203, -1.95774
6.82421, -1.95656
6.82813, -1.95538
6.83204, -1.95421
6.83594, -1.95303
6.83984, -1.95185
6.84374, -1.95067
6.84763, -1.94949
6.85152, -1.9483
6.8554, -1.94712
6.85928, -1.94594
6.86316, -1.94475
6.86703, -1.94356
6.87089, -1.94238
6.87475, -1.94119
6.87861, -1.94
6.88246, -1.93881
6.88631, -1.93762
6.89015, -1.93642
6.89399, -1.93523
6.89782, -1.93404
6.90165, -1.93284
6.90548, -1.93165
6.9093, -1.93045
6.91312, -1.92925
6.91693, -1.92805
6.92074, -1.92685
6.92454, -1.92565
6.92834, -1.92445
6.93214, -1.92325
6.93593, -1.92204
6.93971, -1.92084
6.94349, -1.91963
6.94727, -1.91843
6.95104, -1.91722
6.95481, -1.91601
6.95858, -1.9148
6.96234, -1.9136
6.96609, -1.91238
6.96984, -1.91117
6.97359, -1.90996
6.97733, -1.90875
6.98107, -1.90754
6.9848, -1.90632
6.98853, -1.90511
6.99226, -1.90389
6.99598, -1.90268
6.99969, -1.90146
7.0034, -1.90024
7.00711, -1.89902
7.01081, -1.8978
7.01451, -1.89658
7.01821, -1.89536
7.0219, -1.89414
7.02558, -1.89292
7.02927, -1.89169
7.03294, -1.89047
7.03662, -1.88925
7.04028, -1.88802
7.04395, -1.8868
7.04761, -1.88557
7.05126, -1.88434
7.05492, -1.88311
7.05856, -1.88189
7.06221, -1.88066
7.06584, -1.87943
7.06948, -1.8782
7.07311, -1.87697
7.07673, -1.87574
7.08036, -1.8745
7.08397, -1.87327
7.08759, -1.87204
7.09119, -1.8708
7.0948, -1.86957
7.0984, -1.86833
7.10199, -1.8671
7.10559, -1.86586
7.10917, -1.86463
7.11276, -1.86339
7.11634, -1.86215
7.11991, -1.86091
7.12348, -1.85967
7.12705, -1.85843
7.13061, -1.85719
7.13417, -1.85595
7.13772, -1.85471
7.14127, -1.85347
7.14481, -1.85223
7.14836, -1.85099
7.15189, -1.84975
7.15542, -1.8485
7.15895, -1.84726
7.16248, -1.84601
7.166, -1.84477
7.16951, -1.84352
7.17302, -1.84228
7.17653, -1.84103
7.18004, -1.83979
7.18353, -1.83854
7.18703, -1.83729
7.19052, -1.83604
7.19401, -1.8348
7.19749, -1.83355
7.20097, -1.8323
7.20444, -1.83105
7.20791, -1.8298
7.21138, -1.82855
7.21484, -1.8273
7.2183, -1.82605
7.22175, -1.8248
7.2252, -1.82354
7.22864, -1.82229
7.23209, -1.82104
7.23552, -1.81979
7.23896, -1.81853
7.24238, -1.81728
7.24581, -1.81603
7.24923, -1.81477
7.25265, -1.81352
7.25606, -1.81226
7.25947, -1.81101
7.26287, -1.80975
7.26627, -1.8085
7.26967, -1.80724
7.27306, -1.80599
7.27645, -1.80473
7.27983, -1.80347
7.28321, -1.80222
7.28659, -1.80096
7.28996, -1.7997
7.29333, -1.79845
7.29669, -1.79719
7.30005, -1.79593
7.3034, -1.79467
7.30676, -1.79341
7.3101, -1.79215
7.31345, -1.79089
7.31679, -1.78964
7.32012, -1.78838
7.32345, -1.78712
7.32678, -1.78586
7.3301, -1.7846
7.33342, -1.78334
7.33674, -1.78207
7.34005, -1.78081
7.34336, -1.77955
7.34666, -1.77829
7.34996, -1.77703
7.35325, -1.77577
7.35655, -1.77451
7.35983, -1.77325
7.36312, -1.77198
7.3664, -1.77072
7.36967, -1.76946
7.37294, -1.7682
7.37621, -1.76694
7.37948, -1.76567
7.38274, -1.76441
7.38599, -1.76315
7.38924, -1.76189
7.39249, -1.76062
7.39574, -1.75936
7.39898, -1.7581
7.40221, -1.75683
7.40544, -1.75557
7.40867, -1.75431
7.4119, -1.75304
7.41512, -1.75178
7.41834, -1.75052
7.42155, -1.74925
7.42476, -1.74799
7.42796, -1.74672
7.43116, -1.74546
7.43436, -1.7442
7.43755, -1.74293
7.44074, -1.74167
7.44393, -1.7404
7.44711, -1.73914
7.45029, -1.73788
7.45346, -1.73661
7.45663, -1.73535
7.4598, -1.73408
7.46296, -1.73282
7.46612, -1.73155
7.46928, -1.73029
7.47243, -1.72903
7.47558, -1.72776
7.47872, -1.7265
7.48186, -1.72523
7.485, -1.72397
7.48813, -1.72271
7.49126, -1.72144
7.49438, -1.72018
7.4975, -1.71891
7.50062, -1.71765
7.50373, -1.71639
7.50684, -1.71512
7.50995, -1.71386
7.51305, -1.71259
7.51615, -1.71133
7.51924, -1.71007
7.52233, -1.7088
7.52542, -1.70754
7.5285, -1.70628
7.53158, -1.70501
7.53466, -1.70375
7.53773, -1.70249
7.5408, -1.70122
7.54386, -1.69996
7.54692, -1.6987
7.54998, -1.69743
7.55303, -1.69617
7.55608, -1.69491
7.55913, -1.69364
7.56217, -1.69238
7.56521, -1.69112
7.56824, -1.68986
7.57127, -1.6886
7.5743, -1.68733
7.57733, -1.68607
7.58035, -1.68481
7.58336, -1.68355
7.58637, -1.68229
7.58938, -1.68103
7.59239, -1.67976
7.59539, -1.6785
7.59839, -1.67724
7.60138, -1.67598
7.60437, -1.67472
7.60736, -1.67346
7.61034, -1.6722
7.61332, -1.67094
7.6163, -1.66968
7.61927, -1.66842
7.62224, -1.66716
7.62521, -1.6659
7.62817, -1.66464
7.63113, -1.66338
7.63408, -1.66213
7.63703, -1.66087
7.63998, -1.65961
7.64292, -1.65835
7.64586, -1.65709
7.6488, -1.65584
7.65173, -1.65458
7.65466, -1.65332
7.65759, -1.65206
7.66051, -1.65081
7.66343, -1.64955
7.66635, -1.64829
7.66926, -1.64704
7.67216, -1.64578
7.67507, -1.64453
7.67797, -1.64327
7.68087, -1.64202
7.68376, -1.64076
7.68665, -1.63951
7.68954, -1.63825
7.69242, -1.637
7.6953, -1.63574
7.69818, -1.63449
7.70105, -1.63324
7.70392, -1.63198
7.70679, -1.63073
7.70965, -1.62948
7.71251, -1.62823
7.71536, -1.62697
7.71822, -1.62572
7.72106, -1.62447
7.72391, -1.62322
7.72675, -1.62197
7.72959, -1.62072
7.73242, -1.61947
7.73525, -1.61822
7.73808, -1.61697
7.74091, -1.61572
7.74373, -1.61447
7.74654, -1.61322
7.74936, -1.61197
7.75217, -1.61072
7.75498, -1.60948
7.75778, -1.60823
7.76058, -1.60698
7.76338, -1.60573
7.76617, -1.60449
7.76896, -1.60324
7.77175, -1.602
7.77453, -1.60075
7.77731, -1.59951
7.78009, -1.59826
7.78286, -1.59702
7.78563, -1.59577
7.78839, -1.59453
7.79116, -1.59329
7.79392, -1.59204
7.79667, -1.5908
7.79943, -1.58956
7.80217, -1.58832
7.80492, -1.58707
7.80766, -1.58583
7.8104, -1.58459
7.81314, -1.58335
7.81587, -1.58211
7.8186, -1.58087
7.82133, -1.57963
7.82405, -1.57839
7.82677, -1.57715
7.82948, -1.57592
7.8322, -1.57468
7.83491, -1.57344
7.83761, -1.5722
7.84032, -1.57097
7.84302, -1.56973
7.84571, -1.56849
7.8484, -1.56726
7.85109, -1.56602
7.85378, -1.56479
7.85646, -1.56356
7.85914, -1.56232
7.86182, -1.56109
7.86449, -1.55986
7.86716, -1.55862
7.86983, -1.55739
7.87249, -1.55616
7.87515, -1.55493
7.87781, -1.5537
7.88047, -1.55247
7.88312, -1.55124
7.88576, -1.55001
7.88841, -1.54878
7.89105, -1.54755
7.89369, -1.54632
7.89632, -1.54509
7.89895, -1.54387
7.90158, -1.54264
7.90421, -1.54141
7.90683, -1.54019
7.90945, -1.53896
7.91206, -1.53773
7.91467, -1.53651
7.91728, -1.53529
7.91989, -1.53406
7.92249, -1.53284
7.92509, -1.53162
7.92769, -1.53039
7.93028, -1.52917
7.93287, -1.52795
7.93545, -1.52673
7.93804, -1.52551
7.94062, -1.52429
7.9432, -1.52307
7.94577, -1.52185
7.94834, -1.52063
7.95091, -1.51941
7.95347, -1.5182
7.95604, -1.51698
7.95859, -1.51576
7.96115, -1.51455
7.9637, -1.51333
7.96625, -1.51211
7.9688, -1.5109
7.97134, -1.50969
7.97388, -1.50847
7.97642, -1.50726
7.97895, -1.50605
7.98148, -1.50483
7.98401, -1.50362
7.98653, -1.50241
7.98905, -1.5012
7.99157, -1.49999
7.99409, -1.49878
7.9966, -1.49757
7.99911, -1.49636
8.00162, -1.49515
8.00412, -1.49395
8.00662, -1.49274
8.00912, -1.49153
8.01161, -1.49033
8.0141, -1.48912
8.01659, -1.48792
8.01907, -1.48671
8.02155, -1.48551
8.02403, -1.4843
8.02651, -1.4831
8.02898, -1.4819
8.03145, -1.4807
8.03392, -1.4795
8.03638, -1.4783
8.03884, -1.47709
8.0413, -1.4759
8.04375, -1.4747
8.04621, -1.4735
8.04866, -1.4723
8.0511, -1.4711
8.05354, -1.46991
8.05598, -1.46871
8.05842, -1.46751
8.06085, -1.46632
8.06329, -1.46512
8.06571, -1.46393
8.06814, -1.46273
8.07056, -1.46154
8.07298, -1.46035
8.0754, -1.45916
8.07781, -1.45797
8.08022, -1.45678
8.08263, -1.45559
8.08503, -1.4544
8.08743, -1.45321
8.08983, -1.45202
8.09223, -1.45083
8.09462, -1.44964
8.09701, -1.44846
8.0994, -1.44727
8.10178, -1.44608
8.10416, -1.4449
8.10654, -1.44371
8.10892, -1.44253
8.11129, -1.44135
8.11366, -1.44016
8.11603, -1.43898
8.11839, -1.4378
8.12075, -1.43662
8.12311, -1.43544
8.12546, -1.43426
8.12782, -1.43308
8.13017, -1.4319
8.13251, -1.43072
8.13486, -1.42955
8.1372, -1.42837
8.13954, -1.42719
8.14187, -1.42602
8.1442, -1.42484
8.14653, -1.42367
8.14886, -1.42249
8.15119, -1.42132
8.15351, -1.42015
8.15582, -1.41897
8.15814, -1.4178
8.16045, -1.41663
8.16276, -1.41546
8.16507, -1.41429
8.16737, -1.41312
8.16968, -1.41195
8.17198, -1.41079
8.17427, -1.40962
8.17656, -1.40845
8.17886, -1.40729
8.18114, -1.40612
8.18343, -1.40496
8.18571, -1.40379
8.18799, -1.40263
8.19027, -1.40147
8.19254, -1.4003
8.19481, -1.39914
8.19708, -1.39798
8.19935, -1.39682
8.20161, -1.39566
8.20387, -1.3945
8.20613, -1.39334
8.20838, -1.39219
8.21063, -1.39103
8.21288, -1.38987
8.21513, -1.38872
8.21737, -1.38756
8.21961, -1.3864
8.22185, -1.38525
8.22409, -1.3841
8.22632, -1.38294
8.22855, -1.38179
8.23078, -1.38064
8.233, -1.37949
8.23522, -1.37834
8.23744, -1.37719
8.23966, -1.37604
8.24188, -1.37489
8.24409, -1.37374
8.2463, -1.3726
8.2485, -1.37145
8.2507, -1.3703
8.25291, -1.36916
8.2551, -1.36802
8.2573, -1.36687
8.25949, -1.36573
8.26168, -1.36459
8.26387, -1.36344
8.26605, -1.3623
8.26824, -1.36116
8.27042, -1.36002
8.27259, -1.35888
8.27477, -1.35774
8.27694, -1.35661
8.27911, -1.35547
8.28127, -1.35433
8.28344, -1.3532
8.2856, -1.35206
8.28776, -1.35093
8.28991, -1.34979
8.29207, -1.34866
8.29422, -1.34752
8.29637, -1.34639
8.29851, -1.34526
8.30065, -1.34413
8.30279, -1.343
8.30493, -1.34187
8.30707, -1.34074
8.3092, -1.33961
8.31133, -1.33849
8.31346, -1.33736
8.31558, -1.33623
8.31771, -1.33511
8.31983, -1.33398
8.32194, -1.33286
8.32406, -1.33174
8.32617, -1.33061
8.32828, -1.32949
8.33039, -1.32837
8.33249, -1.32725
8.33459, -1.32613
8.33669, -1.32501
8.33879, -1.32389
8.34088, -1.32277
8.34298, -1.32165
8.34506, -1.32054
8.34715, -1.31942
8.34924, -1.31831
8.35132, -1.31719
8.3534, -1.31608
8.35547, -1.31496
8.35755, -1.31385
8.35962, -1.31274
8.36169, -1.31163
8.36376, -1.31052
8.36582, -1.30941
8.36788, -1.3083
8.36994, -1.30719
8.372, -1.30608
8.37405, -1.30498
8.3761, -1.30387
8.37815, -1.30276
8.3802, -1.30166
8.38225, -1.30055
8.38429, -1.29945
8.38633, -1.29835
8.38836, -1.29724
8.3904, -1.29614
8.39243, -1.29504
8.39446, -1.29394
8.39649, -1.29284
8.39851, -1.29174
8.40054, -1.29064
8.40256, -1.28955
8.40457, -1.28845
8.40659, -1.28735
8.4086, -1.28626
8.41061, -1.28516
8.41262, -1.28407
8.41463, -1.28298
8.41663, -1.28188
8.41863, -1.28079
8.42063, -1.2797
8.42262, -1.27861
8.42462, -1.27752
8.42661, -1.27643
8.4286, -1.27534
8.43058, -1.27425
8.43257, -1.27317
8.43455, -1.27208
8.43653, -1.27099
8.43851, -1.26991
8.44048, -1.26883
8.44245, -1.26774
8.44442, -1.26666
8.44639, -1.26558
8.44835, -1.2645
8.45032, -1.26341
8.45228, -1.26233
8.45423, -1.26125
8.45619, -1.26018
8.45814, -1.2591
8.46009, -1.25802
8.46204, -1.25694
8.46399, -1.25587
8.46593, -1.25479
8.46787, -1.25372
8.46981, -1.25264
8.47175, -1.25157
8.47369, -1.2505
8.47562, -1.24943
8.47755, -1.24836
8.47948, -1.24729
8.4814, -1.24622
8.48332, -1.24515
8.48524, -1.24408
8.48716, -1.24301
8.48908, -1.24195
8.49099, -1.24088
8.4929, -1.23981
8.49481, -1.23875
8.49672, -1.23769
8.49862, -1.23662
8.50053, -1.23556
8.50243, -1.2345
8.50432, -1.23344
8.50622, -1.23238
8.50811, -1.23132
8.51, -1.23026
8.51189, -1.2292
8.51378, -1.22814
8.51566, -1.22709
8.51755, -1.22603
8.51943, -1.22497
8.5213, -1.22392
8.52318, -1.22287
8.52505, -1.22181
8.52692, -1.22076
8.52879, -1.21971
8.53066, -1.21866
8.53252, -1.21761
8.53438, -1.21656
8.53624, -1.21551
8.5381, -1.21446
8.53996, -1.21341
8.54181, -1.21237
8.54366, -1.21132
8.54551, -1.21027
8.54735, -1.20923
8.5492, -1.20819
8.55104, -1.20714
8.55288, -1.2061
8.55472, -1.20506
8.55655, -1.20402
8.55839, -1.20298
8.56022, -1.20194
8.56204, -1.2009
8.56387, -1.19986
8.5657, -1.19882
8.56752, -1.19779
8.56934, -1.19675
8.57116, -1.19571
8.57297, -1.19468
8.57479, -1.19365
8.5766, -1.19261
8.57841, -1.19158
8.58021, -1.19055
8.58202, -1.18952
8.58382, -1.18849
8.58562, -1.18746
8.58742, -1.18643
8.58922, -1.1854
8.59101, -1.18437
8.5928, -1.18335
8.59459, -1.18232
8.59638, -1.1813
8.59816, -1.18027
8.59995, -1.17925
8.60173, -1.17822
8.60351, -1.1772
8.60529, -1.17618
8.60706, -1.17516
8.60883, -1.17414
8.6106, -1.17312
8.61237, -1.1721
8.61414, -1.17108
8.6159, -1.17007
8.61767, -1.16905
8.61943, -1.16803
8.62118, -1.16702
8.62294, -1.166
8.62469, -1.16499
8.62645, -1.16398
8.6282, -1.16297
8.62994, -1.16195
8.63169, -1.16094
8.63343, -1.15993
8.63517, -1.15892
8.63691, -1.15791
8.63865, -1.15691
8.64039, -1.1559
8.64212, -1.15489
8.64385, -1.15389
8.64558, -1.15288
8.64731, -1.15188
8.64903, -1.15087
8.65076, -1.14987
8.65248, -1.14887
8.65419, -1.14787
8.65591, -1.14687
8.65763, -1.14587
8.65934, -1.14487
8.66105, -1.14387
8.66276, -1.14287
8.66446, -1.14187
8.66617, -1.14088
8.66787, -1.13988
8.66957, -1.13889
8.67127, -1.13789
8.67297, -1.1369
8.67466, -1.13591
8.67635, -1.13491
8.67804, -1.13392
8.67973, -1.13293
8.68142, -1.13194
8.6831, -1.13095
8.68479, -1.12997
8.68647, -1.12898
8.68815, -1.12799
8.68982, -1.127
8.6915, -1.12602
8.69317, -1.12503
8.69484, -1.12405
8.69651, -1.12307
8.69817, -1.12208
8.69984, -1.1211
8.7015, -1.12012
8.70316, -1.11914
8.70482, -1.11816
8.70648, -1.11718
8.70813, -1.1162
8.70979, -1.11523
8.71144, -1.11425
8.71308, -1.11327
8.71473, -1.1123
8.71638, -1.11132
8.71802, -1.11035
8.71966, -1.10938
8.7213, -1.1084
8.72294, -1.10743
8.72457, -1.10646
8.72621, -1.10549
8.72784, -1.10452
8.72947, -1.10355
8.73109, -1.10258
8.73272, -1.10161
8.73434, -1.10065
8.73596, -1.09968
8.73758, -1.09872
8.7392, -1.09775
8.74082, -1.09679
8.74243, -1.09583
8.74404, -1.09486
8.74565, -1.0939
8.74726, -1.09294
8.74887, -1.09198
8.75047, -1.09102
8.75208, -1.09006
8.75368, -1.0891
8.75528, -1.08815
8.75687, -1.08719
8.75847, -1.08623
8.76006, -1.08528
8.76165, -1.08432
8.76324, -1.08337
8.76483, -1.08242
8.76641, -1.08146
8.768, -1.08051
8.76958, -1.07956
8.77116, -1.07861
8.77274, -1.07766
8.77431, -1.07671
8.77589, -1.07576
8.77746, -1.07482
8.77903, -1.07387
8.7806, -1.07292
8.78217, -1.07198
8.78373, -1.07104
8.7853, -1.07009
8.78686, -1.06915
8.78842, -1.06821
8.78998, -1.06726
8.79153, -1.06632
8.79309, -1.06538
8.79464, -1.06444
8.79619, -1.06351
8.79774, -1.06257
8.79928, -1.06163
8.80083, -1.06069
8.80237, -1.05976
8.80391, -1.05882
8.80545, -1.05789
8.80699, -1.05695
8.80853, -1.05602
8.81006, -1.05509
8.81159, -1.05416
8.81312, -1.05323
8.81465, -1.0523
8.81618, -1.05137
8.8177, -1.05044
8.81923, -1.04951
8.82075, -1.04858
8.82227, -1.04766
8.82379, -1.04673
8.8253, -1.04581
8.82682, -1.04488
8.82833, -1.04396
8.82984, -1.04303
8.83135, -1.04211
8.83286, -1.04119
8.83436, -1.04027
8.83586, -1.03935
8.83737, -1.03843
8.83887, -1.03751
8.84036, -1.03659
8.84186, -1.03568
8.84336, -1.03476
8.84485, -1.03384
8.84634, -1.03293
8.84783, -1.03201
8.84932, -1.0311
8.8508, -1.03019
8.85229, -1.02927
8.85377, -1.02836
8.85525, -1.02745
8.85673, -1.02654
8.85821, -1.02563
8.85968, -1.02472
8.86116, -1.02381
8.86263, -1.02291
8.8641, -1.022
8.86557, -1.02109
8.86703, -1.02019
8.8685, -1.01928
8.86996, -1.01838
8.87142, -1.01748
8.87288, -1.01658
8.87434, -1.01567
8.8758, -1.01477
8.87725, -1.01387
8.87871, -1.01297
8.88016, -1.01207
8.88161, -1.01118
8.88306, -1.01028
8.8845, -1.00938
8.88595, -1.00849
8.88739, -1.00759
8.88883, -1.0067
8.89027, -1.0058
8.89171, -1.00491
8.89315, -1.00402
8.89458, -1.00312
8.89601, -1.00223
8.89744, -1.00134
8.89887, -1.00045
8.9003, -0.999563
8.90173, -0.998675
8.90315, -0.997787
8.90457, -0.996901
8.906, -0.996014
8.90741, -0.995129
8.90883, -0.994244
8.91025, -0.99336
8.91166, -0.992476
8.91308, -0.991594
8.91449, -0.990712
8.9159, -0.98983
8.9173, -0.98895
8.91871, -0.98807
8.92011, -0.987191
8.92152, -0.986312
8.92292, -0.985434
8.92432, -0.984557
8.92572, -0.983681
8.92711, -0.982805
8.92851, -0.98193
8.9299, -0.981056
8.93129, -0.980182
8.93268, -0.979309
8.93407, -0.978437
8.93546, -0.977565
8.93684, -0.976694
8.93822, -0.975824
8.93961, -0.974955
8.94099, -0.974086
8.94236, -0.973218
8.94374, -0.97235
8.94512, -0.971484
8.94649, -0.970618
8.94786, -0.969752
8.94923, -0.968888
8.9506, -0.968024
8.95197, -0.967161
8.95333, -0.966298
8.9547, -0.965436
8.95606, -0.964575
8.95742, -0.963715
8.95878, -0.962855
8.96014, -0.961996
8.96149, -0.961138
8.96285, -0.96028
8.9642, -0.959423
8.96555, -0.958567
8.9669, -0.957711
8.96825, -0.956856
8.9696, -0.956002
8.97094, -0.955148
8.97228, -0.954295
8.97363, -0.953443
8.97497, -0.952592
8.9763, -0.951741
8.97764, -0.950891
8.97898, -0.950041
8.98031, -0.949193
8.98164, -0.948345
8.98297, -0.947497
8.9843, -0.946651
8.98563, -0.945805
8.98696, -0.944959
8.98828, -0.944115
8.98961, -0.943271
8.99093, -0.942428
8.99225, -0.941585
8.99357, -0.940743
8.99488, -0.939902
8.9962, -0.939061
8.99751, -0.938222
8.99882, -0.937382
9.00013, -0.936544
9.00144, -0.935706
9.00275, -0.934869
9.00406, -0.934033
9.00536, -0.933197
9.00667, -0.932362
9.00797, -0.931527
9.00927, -0.930694
9.01057, -0.929861
9.01186, -0.929028
9.01316, -0.928197
9.01445, -0.927366
9.01575, -0.926535
9.01704, -0.925706
9.01833, -0.924877
9.01961, -0.924049
9.0209, -0.923221
9.02219, -0.922394
9.02347, -0.921568
9.02475, -0.920742
9.02603, -0.919917
9.02731, -0.919093
9.02859, -0.91827
9.02986, -0.917447
9.03114, -0.916625
9.03241, -0.915803
9.03368, -0.914982
9.03495, -0.914162
9.03622, -0.913343
9.03749, -0.912524
9.03875, -0.911706
9.04002, -0.910888
9.04128, -0.910071
9.04254, -0.909255
9.0438, -0.90844
9.04506, -0.907625
9.04632, -0.906811
9.04757, -0.905997
9.04883, -0.905185
9.05008, -0.904373
9.05133, -0.903561
9.05258, -0.90275
9.05383, -0.90194
9.05508, -0.901131
9.05632, -0.900322
9.05756, -0.899514
9.05881, -0.898707
9.06005, -0.8979
9.06129, -0.897094
9.06252, -0.896288
9.06376, -0.895483
9.065, -0.894679
9.06623, -0.893876
9.06746, -0.893073
9.06869, -0.892271
9.06992, -0.89147
9.07115, -0.890669
9.07238, -0.889869
9.0736, -0.889069
9.07483, -0.888271
9.07605, -0.887472
9.07727, -0.886675
9.07849, -0.885878
9.07971, -0.885082
9.08092, -0.884287
9.08214, -0.883492
9.08335, -0.882698
9.08456, -0.881904
9.08577, -0.881111
9.08698, -0.880319
9.08819, -0.879528
9.0894, -0.878737
9.0906, -0.877946
9.09181, -0.877157
9.09301, -0.876368
9.09421, -0.87558
9.09541, -0.874792
9.09661, -0.874005
9.09781, -0.873219
9.099, -0.872433
9.1002, -0.871649
9.10139, -0.870864
9.10258, -0.870081
9.10377, -0.869298
9.10496, -0.868515
9.10615, -0.867734
9.10733, -0.866953
9.10852, -0.866172
9.1097, -0.865392
9.11088, -0.864613
9.11206, -0.863835
9.11324, -0.863057
9.11442, -0.86228
9.1156, -0.861504
9.11677, -0.860728
9.11794, -0.859953
9.11912, -0.859178
9.12029, -0.858404
9.12146, -0.857631
9.12262, -0.856858
9.12379, -0.856087
9.12496, -0.855315
9.12612, -0.854545
9.12728, -0.853775
9.12844, -0.853005
9.1296, -0.852237
9.13076, -0.851469
9.13192, -0.850701
9.13308, -0.849935
9.13423, -0.849168
9.13538, -0.848403
9.13654, -0.847638
9.13769, -0.846874
9.13884, -0.84611
9.13998, -0.845348
9.14113, -0.844585
9.14228, -0.843824
9.14342, -0.843063
9.14456, -0.842302
9.1457, -0.841543
9.14684, -0.840784
9.14798, -0.840025
9.14912, -0.839268
9.15026, -0.83851
9.15139, -0.837754
9.15252, -0.836998
9.15366, -0.836243
9.15479, -0.835488
9.15592, -0.834734
9.15704, -0.833981
9.15817, -0.833228
9.1593, -0.832476
9.16042, -0.831725
9.16154, -0.830974
9.16267, -0.830224
9.16379, -0.829475
9.16491, -0.828726
9.16602, -0.827978
9.16714, -0.82723
9.16826, -0.826483
9.16937, -0.825737
9.17048, -0.824991
9.17159, -0.824246
9.1727, -0.823502
9.17381, -0.822758
9.17492, -0.822015
9.17603, -0.821272
9.17713, -0.82053
9.17823, -0.819789
9.17934, -0.819049
9.18044, -0.818309
9.18154, -0.817569
9.18264, -0.81683
9.18373, -0.816092
9.18483, -0.815355
9.18592, -0.814618
9.18702, -0.813882
9.18811, -0.813146
9.1892, -0.812411
9.19029, -0.811677
9.19138, -0.810943
9.19247, -0.81021
9.19355, -0.809478
9.19464, -0.808746
9.19572, -0.808014
9.1968, -0.807284
9.19788, -0.806554
9.19896, -0.805825
9.20004, -0.805096
9.20112, -0.804368
9.20219, -0.80364
9.20327, -0.802913
9.20434, -0.802187
9.20542, -0.801461
9.20649, -0.800736
9.20756, -0.800012
9.20862, -0.799288
9.20969, -0.798565
9.21076, -0.797843
9.21182, -0.797121
9.21289, -0.796399
9.21395, -0.795679
9.21501, -0.794959
9.21607, -0.794239
9.21713, -0.79352
9.21819, -0.792802
9.21924, -0.792084
9.2203, -0.791367
9.22135, -0.790651
9.2224, -0.789935
9.22345, -0.78922
9.2245, -0.788506
9.22555, -0.787792
9.2266, -0.787078
9.22765, -0.786366
9.22869, -0.785654
9.22974, -0.784942
9.23078, -0.784231
9.23182, -0.783521
9.23286, -0.782811
9.2339, -0.782102
9.23494, -0.781394
9.23598, -0.780686
9.23701, -0.779979
9.23805, -0.779272
9.23908, -0.778566
9.24011, -0.777861
9.24114, -0.777156
9.24217, -0.776452
9.2432, -0.775748
9.24423, -0.775045
9.24526, -0.774343
9.24628, -0.773641
9.24731, -0.77294
9.24833, -0.77224
9.24935, -0.77154
9.25037, -0.77084
9.25139, -0.770142
9.25241, -0.769444
9.25342, -0.768746
9.25444, -0.768049
9.25545, -0.767353
9.25647, -0.766657
9.25748, -0.765962
9.25849, -0.765267
9.2595, -0.764573
9.26051, -0.76388
9.26152, -0.763187
9.26252, -0.762495
9.26353, -0.761804
9.26453, -0.761113
9.26553, -0.760423
9.26654, -0.759733
9.26754, -0.759044
9.26854, -0.758355
9.26953, -0.757667
9.27053, -0.75698
9.27153, -0.756293
9.27252, -0.755607
9.27352, -0.754921
9.27451, -0.754236
9.2755, -0.753552
9.27649, -0.752868
9.27748, -0.752185
9.27847, -0.751502
9.27945, -0.75082
9.28044, -0.750139
9.28142, -0.749458
9.28241, -0.748778
9.28339, -0.748098
9.28437, -0.747419
9.28535, -0.746741
9.28633, -0.746063
9.28731, -0.745385
9.28829, -0.744709
9.28926, -0.744033
9.29024, -0.743357
9.29121, -0.742682
9.29218, -0.742008
9.29315, -0.741334
9.29412, -0.740661
9.29509, -0.739988
9.29606, -0.739316
9.29703, -0.738645
9.29799, -0.737974
9.29895, -0.737304
9.29992, -0.736634
9.30088, -0.735965
9.30184, -0.735296
9.3028, -0.734628
9.30376, -0.733961
9.30472, -0.733294
9.30568, -0.732628
9.30663, -0.731962
9.30759, -0.731297
9.30854, -0.730633
9.30949, -0.729969
9.31044, -0.729306
9.31139, -0.728643
9.31234, -0.727981
9.31329, -0.727319
9.31424, -0.726658
9.31518, -0.725998
9.31613, -0.725338
9.31707, -0.724679
9.31801, -0.72402
9.31895, -0.723362
9.31989, -0.722705
9.32083, -0.722048
9.32177, -0.721391
9.32271, -0.720735
9.32365, -0.72008
9.32458, -0.719426
9.32551, -0.718772
9.32645, -0.718118
9.32738, -0.717465
9.32831, -0.716813
9.32924, -0.716161
9.33017, -0.71551
9.3311, -0.714859
9.33202, -0.714209
9.33295, -0.713559
9.33387, -0.71291
9.33479, -0.712262
9.33572, -0.711614
9.33664, -0.710967
9.33756, -0.71032
9.33848, -0.709674
9.3394, -0.709029
9.34031, -0.708384
9.34123, -0.707739
9.34214, -0.707095
9.34306, -0.706452
9.34397, -0.705809
9.34488, -0.705167
9.34579, -0.704525
9.3467, -0.703884
9.34761, -0.703244
9.34852, -0.702604
9.34942, -0.701965
9.35033, -0.701326
9.35123, -0.700688
9.35214, -0.70005
9.35304, -0.699413
9.35394, -0.698776
9.35484, -0.69814
9.35574, -0.697505
9.35664, -0.69687
9.35754, -0.696236
9.35843, -0.695602
9.35933, -0.694969
9.36022, -0.694336
9.36111, -0.693704
9.36201, -0.693073
9.3629, -0.692442
9.36379, -0.691811
9.36468, -0.691181
9.36556, -0.690552
9.36645, -0.689923
9.36734, -0.689295
9.36822, -0.688667
9.36911, -0.68804
9.36999, -0.687414
9.37087, -0.686788
9.37175, -0.686162
9.37263, -0.685537
9.37351, -0.684913
9.37439, -0.684289
9.37527, -0.683666
9.37614, -0.683043
9.37702, -0.682421
9.37789, -0.6818
9.37876, -0.681179
9.37964, -0.680558
9.38051, -0.679938
9.38138, -0.679319
9.38224, -0.6787
9.38311, -0.678082
9.38398, -0.677464
9.38485, -0.676847
9.38571, -0.67623
9.38657, -0.675614
9.38744, -0.674998
9.3883, -0.674383
9.38916, -0.673769
9.39002, -0.673155
9.39088, -0.672541
9.39174, -0.671928
9.39259, -0.671316
9.39345, -0.670704
9.39431, -0.670093
9.39516, -0.669482
9.39601, -0.668872
9.39687, -0.668263
9.39772, -0.667654
9.39857, -0.667045
9.39942, -0.666437
9.40026, -0.66583
9.40111, -0.665223
9.40196, -0.664616
9.4028, -0.66401
9.40365, -0.663405
9.40449, -0.6628
9.40533, -0.662196
9.40618, -0.661592
9.40702, -0.660989
9.40786, -0.660387
9.40869, -0.659784
9.40953, -0.659183
9.41037, -0.658582
9.4112, -0.657981
9.41204, -0.657381
9.41287, -0.656782
9.41371, -0.656183
9.41454, -0.655585
9.41537, -0.654987
9.4162, -0.65439
9.41703, -0.653793
9.41786, -0.653197
9.41868, -0.652601
9.41951, -0.652006
9.42034, -0.651411
9.42116, -0.650817
9.42198, -0.650223
9.42281, -0.64963
9.42363, -0.649038
9.42445, -0.648446
9.42527, -0.647854
9.42609, -0.647263
9.4269, -0.646673
9.42772, -0.646083
9.42854, -0.645493
9.42935, -0.644904
9.43017, -0.644316
9.43098, -0.643728
9.43179, -0.643141
9.4326, -0.642554
9.43341, -0.641968
9.43422, -0.641382
9.43503, -0.640797
9.43584, -0.640212
9.43665, -0.639628
9.43745, -0.639044
9.43826, -0.638461
9.43906, -0.637879
9.43986, -0.637297
9.44067, -0.636715
9.44147, -0.636134
9.44227, -0.635553
9.44307, -0.634973
9.44387, -0.634394
9.44466, -0.633815
9.44546, -0.633236
9.44626, -0.632659
9.44705, -0.632081
9.44785, -0.631504
9.44864, -0.630928
9.44943, -0.630352
9.45022, -0.629776
9.45101, -0.629202
9.4518, -0.628627
9.45259, -0.628053
9.45338, -0.62748
9.45416, -0.626907
9.45495, -0.626335
9.45574, -0.625763
9.45652, -0.625192
9.4573, -0.624621
9.45808, -0.624051
9.45887, -0.623481
9.45965, -0.622912
9.46043, -0.622343
9.46121, -0.621775
9.46198, -0.621207
9.46276, -0.62064
9.46354, -0.620073
9.46431, -0.619507
9.46509, -0.618941
9.46586, -0.618376
9.46663, -0.617812
9.4674, -0.617247
9.46817, -0.616684
9.46894, -0.616121
9.46971, -0.615558
9.47048, -0.614996
9.47125, -0.614434
9.47202, -0.613873
9.47278, -0.613312
9.47355, -0.612752
9.47431, -0.612192
9.47507, -0.611633
9.47583, -0.611075
9.4766, -0.610517
9.47736, -0.609959
9.47812, -0.609402
9.47887, -0.608845
9.47963, -0.608289
9.48039, -0.607733
9.48115, -0.607178
9.4819, -0.606624
9.48265, -0.606069
9.48341, -0.605516
9.48416, -0.604963
9.48491, -0.60441
9.48566, -0.603858
9.48641, -0.603306
9.48716, -0.602755
9.48791, -0.602204
9.48866, -0.601654
9.48941, -0.601104
9.49015, -0.600555
9.4909, -0.600007
9.49164, -0.599458
9.49238, -0.598911
9.49313, -0.598363
9.49387, -0.597817
9.49461, -0.59727
9.49535, -0.596725
9.49609, -0.596179
9.49683, -0.595635
9.49756, -0.59509
9.4983, -0.594547
9.49903, -0.594003
9.49977, -0.59346
9.5005, -0.592918
9.50124, -0.592376
9.50197, -0.591835
9.5027, -0.591294
9.50343, -0.590754
9.50416, -0.590214
9.50489, -0.589674
9.50562, -0.589135
9.50635, -0.588597
9.50707, -0.588059
9.5078, -0.587522
9.50852, -0.586985
9.50925, -0.586448
9.50997, -0.585912
9.51069, -0.585377
9.51141, -0.584842
9.51214, -0.584307
9.51286, -0.583773
9.51357, -0.583239
9.51429, -0.582706
9.51501, -0.582173
9.51573, -0.581641
9.51644, -0.58111
9.51716, -0.580578
9.51787, -0.580048
9.51859, -0.579517
9.5193, -0.578988
9.52001, -0.578458
9.52072, -0.57793
9.52143, -0.577401
9.52214, -0.576873
9.52285, -0.576346
9.52356, -0.575819
9.52427, -0.575293
9.52497, -0.574767
9.52568, -0.574241
9.52638, -0.573716
9.52709, -0.573192
9.52779, -0.572668
9.52849, -0.572144
9.52919, -0.571621
9.52989, -0.571098
9.53059, -0.570576
9.53129, -0.570054
9.53199, -0.569533
9.53269, -0.569012
9.53338, -0.568492
9.53408, -0.567972
9.53478, -0.567453
9.53547, -0.566934
9.53616, -0.566416
9.53686, -0.565898
9.53755, -0.56538
9.53824, -0.564863
9.53893, -0.564347
9.53962, -0.563831
9.54031, -0.563315
9.541, -0.5628
9.54168, -0.562285
9.54237, -0.561771
9.54306, -0.561257
9.54374, -0.560744
9.54442, -0.560231
9.54511, -0.559719
9.54579, -0.559207
9.54647, -0.558695
9.54715, -0.558185
9.54783, -0.557674
9.54851, -0.557164
9.54919, -0.556654
9.54987, -0.556145
9.55055, -0.555637
9.55122, -0.555128
9.5519, -0.554621
9.55257, -0.554113
9.55325, -0.553607
9.55392, -0.5531
9.55459, -0.552594
9.55527, -0.552089
9.55594, -0.551584
9.55661, -0.551079
9.55728, -0.550575
9.55795, -0.550072
9.55861, -0.549569
9.55928, -0.549066
9.55995, -0.548564
9.56061, -0.548062
9.56128, -0.547561
9.56194, -0.54706
9.56261, -0.546559
9.56327, -0.546059
9.56393, -0.54556
9.56459, -0.545061
9.56525, -0.544562
9.56591, -0.544064
9.56657, -0.543566
9.56723, -0.543069
9.56789, -0.542572
9.56855, -0.542076
9.5692, -0.54158
9.56986, -0.541085
9.57051, -0.54059
9.57117, -0.540095
9.57182, -0.539601
9.57247, -0.539107
9.57312, -0.538614
9.57377, -0.538121
9.57442, -0.537629
9.57507, -0.537137
9.57572, -0.536646
9.57637, -0.536155
9.57702, -0.535664
9.57766, -0.535174
9.57831, -0.534685
9.57895, -0.534196
9.5796, -0.533707
9.58024, -0.533219
9.58088, -0.532731
9.58153, -0.532243
9.58217, -0.531756
9.58281, -0.53127
9.58345, -0.530784
9.58409, -0.530298
9.58473, -0.529813
9.58536, -0.529328
9.586, -0.528844
9.58664, -0.52836
9.58727, -0.527877
9.58791, -0.527394
9.58854, -0.526911
9.58918, -0.526429
9.58981, -0.525947
9.59044, -0.525466
9.59107, -0.524985
9.5917, -0.524505
9.59233, -0.524025
9.59296, -0.523546
9.59359, -0.523067
9.59422, -0.522588
9.59485, -0.52211
9.59547, -0.521632
9.5961, -0.521155
9.59672, -0.520678
9.59735, -0.520201
9.59797, -0.519725
9.59859, -0.51925
9.59922, -0.518775
9.59984, -0.5183
9.60046, -0.517826
9.60108, -0.517352
9.6017, -0.516879
9.60232, -0.516406
9.60293, -0.515933
9.60355, -0.515461
9.60417, -0.514989
9.60478, -0.514518
9.6054, -0.514047
9.60601, -0.513577
9.60663, -0.513107
9.60724, -0.512637
9.60785, -0.512168
9.60846, -0.5117
9.60907, -0.511231
9.60968, -0.510764
9.61029, -0.510296
9.6109, -0.509829
9.61151, -0.509363
9.61212, -0.508897
9.61273, -0.508431
9.61333, -0.507966
9.61394, -0.507501
9.61454, -0.507036
9.61515, -0.506572
9.61575, -0.506109
9.61635, -0.505646
9.61695, -0.505183
9.61756, -0.504721
9.61816, -0.504259
9.61876, -0.503797
9.61936, -0.503336
9.61995, -0.502876
9.62055, -0.502416
9.62115, -0.501956
9.62175, -0.501496
9.62234, -0.501038
9.62294, -0.500579
9.62353, -0.500121
9.62413, -0.499663
9.62472, -0.499206
9.62531, -0.498749
9.6259, -0.498293
9.6265, -0.497837
9.62709, -0.497381
9.62768, -0.496926
9.62827, -0.496471
9.62885, -0.496017
9.62944, -0.495563
9.63003, -0.49511
9.63062, -0.494657
9.6312, -0.494204
9.63179, -0.493752
9.63237, -0.4933
9.63296, -0.492848
9.63354, -0.492397
9.63412, -0.491947
9.6347, -0.491497
9.63529, -0.491047
9.63587, -0.490597
9.63645, -0.490149
9.63703, -0.4897
9.6376, -0.489252
9.63818, -0.488804
9.63876, -0.488357
9.63934, -0.48791
9.63991, -0.487463
9.64049, -0.487017
9.64106, -0.486572
9.64164, -0.486126
9.64221, -0.485682
9.64278, -0.485237
9.64336, -0.484793
9.64393, -0.48435
9.6445, -0.483906
9.64507, -0.483463
9.64564, -0.483021
9.64621, -0.482579
9.64678, -0.482137
9.64734, -0.481696
9.64791, -0.481255
9.64848, -0.480815
9.64904, -0.480375
9.64961, -0.479936
9.65017, -0.479496
9.65074, -0.479058
9.6513, -0.478619
9.65186, -0.478181
9.65243, -0.477744
9.65299, -0.477307
9.65355, -0.47687
9.65411, -0.476433
9.65467, -0.475997
9.65523, -0.475562
9.65578, -0.475127
9.65634, -0.474692
9.6569, -0.474258
9.65746, -0.473824
9.65801, -0.47339
9.65857, -0.472957
9.65912, -0.472524
9.65968, -0.472092
9.66023, -0.47166
9.66078, -0.471228
9.66133, -0.470797
9.66188, -0.470366
9.66244, -0.469936
9.66299, -0.469506
9.66353, -0.469076
9.66408, -0.468647
9.66463, -0.468218
9.66518, -0.46779
9.66573, -0.467362
9.66627, -0.466934
9.66682, -0.466507
9.66736, -0.46608
9.66791, -0.465654
9.66845, -0.465228
9.669, -0.464802
9.66954, -0.464377
9.67008, -0.463952
9.67062, -0.463527
9.67116, -0.463103
9.6717, -0.462679
9.67224, -0.462256
9.67278, -0.461833
9.67332, -0.461411
9.67386, -0.460988
9.6744, -0.460567
9.67493, -0.460145
9.67547, -0.459724
9.676, -0.459304
9.67654, -0.458883
9.67707, -0.458464
9.67761, -0.458044
9.67814, -0.457625
9.67867, -0.457206
9.6792, -0.456788
9.67974, -0.45637
9.68027, -0.455953
9.6808, -0.455536
9.68133, -0.455119
9.68186, -0.454702
9.68238, -0.454286
9.68291, -0.453871
9.68344, -0.453456
9.68396, -0.453041
9.68449, -0.452626
9.68502, -0.452212
9.68554, -0.451799
9.68607, -0.451385
9.68659, -0.450972
9.68711, -0.45056
9.68763, -0.450148
9.68816, -0.449736
9.68868, -0.449324
9.6892, -0.448913
9.68972, -0.448503
9.69024, -0.448092
9.69076, -0.447683
9.69127, -0.447273
9.69179, -0.446864
9.69231, -0.446455
9.69283, -0.446047
9.69334, -0.445639
9.69386, -0.445231
9.69437, -0.444824
9.69489, -0.444417
9.6954, -0.444011
9.69591, -0.443604
9.69643, -0.443199
9.69694, -0.442793
9.69745, -0.442388
9.69796, -0.441984
9.69847, -0.441579
9.69898, -0.441175
9.69949, -0.440772
9.7, -0.440369
9.7005, -0.439966
9.70101, -0.439564
9.70152, -0.439162
9.70202, -0.43876
9.70253, -0.438359
9.70304, -0.437958
9.70354, -0.437557
9.70404, -0.437157
9.70455, -0.436757
9.70505, -0.436358
9.70555, -0.435959
9.70605, -0.43556
9.70656, -0.435162
9.70706, -0.434764
9.70756, -0.434366
9.70806, -0.433969
9.70855, -0.433572
9.70905, -0.433176
9.70955, -0.432779
9.71005, -0.432384
9.71054, -0.431988
9.71104, -0.431593
9.71154, -0.431199
9.71203, -0.430804
9.71252, -0.43041
9.71302, -0.430017
9.71351, -0.429623
9.714, -0.429231
9.7145, -0.428838
9.71499, -0.428446
9.71548, -0.428054
9.71597, -0.427663
9.71646, -0.427272
9.71695, -0.426881
9.71744, -0.426491
9.71793, -0.426101
9.71841, -0.425711
9.7189, -0.425322
9.71939, -0.424933
9.71987, -0.424545
9.72036, -0.424157
9.72085, -0.423769
9.72133, -0.423381
9.72181, -0.422994
9.7223, -0.422608
9.72278, -0.422221
9.72326, -0.421835
9.72374, -0.42145
9.72423, -0.421064
9.72471, -0.420679
9.72519, -0.420295
9.72567, -0.41991
9.72614, -0.419527
9.72662, -0.419143
9.7271, -0.41876
9.72758, -0.418377
9.72806, -0.417995
9.72853, -0.417613
9.72901, -0.417231
9.72948, -0.416849
9.72996, -0.416468
9.73043, -0.416088
9.73091, -0.415707
9.73138, -0.415327
9.73185, -0.414948
9.73232, -0.414569
9.7328, -0.41419
9.73327, -0.413811
9.73374, -0.413433
9.73421, -0.413055
9.73468, -0.412677
9.73515, -0.4123
9.73561, -0.411924
9.73608, -0.411547
9.73655, -0.411171
9.73702, -0.410795
9.73748, -0.41042
9.73795, -0.410045
9.73841, -0.40967
9.73888, -0.409296
9.73934, -0.408921
9.73981, -0.408548
9.74027, -0.408174
9.74073, -0.407801
9.7412, -0.407429
9.74166, -0.407057
9.74212, -0.406685
9.74258, -0.406313
9.74304, -0.405942
9.7435, -0.405571
9.74396, -0.4052
9.74442, -0.40483
9.74487, -0.40446
9.74533, -0.40409
9.74579, -0.403721
9.74625, -0.403352
9.7467, -0.402984
9.74716, -0.402616
9.74761, -0.402248
9.74807, -0.40188
9.74852, -0.401513
9.74897, -0.401146
9.74943, -0.40078
9.74988, -0.400414
9.75033, -0.400048
9.75078, -0.399683
9.75123, -0.399317
9.75168, -0.398953
9.75213, -0.398588
9.75258, -0.398224
9.75303, -0.39786
9.75348, -0.397497
9.75393, -0.397134
9.75438, -0.396771
9.75482, -0.396409
9.75527, -0.396047
9.75572, -0.395685
9.75616, -0.395323
9.75661, -0.394962
9.75705, -0.394602
9.75749, -0.394241
9.75794, -0.393881
9.75838, -0.393521
9.75882, -0.393162
9.75926, -0.392803
9.75971, -0.392444
9.76015, -0.392086
9.76059, -0.391728
9.76103, -0.39137
9.76147, -0.391013
9.76191, -0.390655
9.76234, -0.390299
9.76278, -0.389942
9.76322, -0.389586
9.76366, -0.389231
9.76409, -0.388875
9.76453, -0.38852
9.76496, -0.388165
9.7654, -0.387811
9.76583, -0.387457
9.76627, -0.387103
9.7667, -0.38675
9.76714, -0.386396
9.76757, -0.386044
9.768, -0.385691
9.76843, -0.385339
9.76886, -0.384987
9.76929, -0.384636
9.76972, -0.384285
9.77015, -0.383934
9.77058, -0.383583
9.77101, -0.383233
9.77144, -0.382883
9.77187, -0.382534
9.77229, -0.382185
9.77272, -0.381836
9.77315, -0.381487
9.77357, -0.381139
9.774, -0.380791
9.77442, -0.380444
9.77485, -0.380096
9.77527, -0.379749
9.7757, -0.379403
9.77612, -0.379057
9.77654, -0.378711
9.77696, -0.378365
9.77739, -0.37802
9.77781, -0.377675
9.77823, -0.37733
9.77865, -0.376986
9.77907, -0.376642
9.77949, -0.376298
9.77991, -0.375955
9.78032, -0.375611
9.78074, -0.375269
9.78116, -0.374926
9.78158, -0.374584
9.78199, -0.374242
9.78241, -0.373901
9.78282, -0.37356
9.78324, -0.373219
9.78365, -0.372878
9.78407, -0.372538
9.78448, -0.372198
9.78489, -0.371859
9.78531, -0.37152
9.78572, -0.371181
9.78613, -0.370842
9.78654, -0.370504
9.78695, -0.370166
9.78736, -0.369828
9.78777, -0.369491
9.78818, -0.369154
9.78859, -0.368817
9.789, -0.36848
9.78941, -0.368144
9.78982, -0.367809
9.79022, -0.367473
9.79063, -0.367138
9.79104, -0.366803
9.79144, -0.366468
9.79185, -0.366134
9.79225, -0.3658
9.79266, -0.365467
9.79306, -0.365133
9.79347, -0.3648
9.79387, -0.364468
9.79427, -0.364135
9.79467, -0.363803
9.79508, -0.363472
9.79548, -0.36314
9.79588, -0.362809
9.79628, -0.362478
9.79668, -0.362148
9.79708, -0.361817
9.79748, -0.361488
9.79788, -0.361158
9.79827, -0.360829
9.79867, -0.3605
9.79907, -0.360171
9.79947, -0.359843
9.79986, -0.359515
9.80026, -0.359187
9.80065, -0.358859
9.80105, -0.358532
9.80144, -0.358206
9.80184, -0.357879
9.80223, -0.357553
9.80263, -0.357227
9.80302, -0.356901
9.80341, -0.356576
9.8038, -0.356251
9.8042, -0.355926
9.80459, -0.355602
9.80498, -0.355278
9.80537, -0.354954
9.80576, -0.35463
9.80615, -0.354307
9.80654, -0.353984
9.80692, -0.353662
9.80731, -0.353339
9.8077, -0.353017
9.80809, -0.352696
9.80847, -0.352374
9.80886, -0.352053
9.80925, -0.351733
9.80963, -0.351412
9.81002, -0.351092
9.8104, -0.350772
9.81079, -0.350452
9.81117, -0.350133
9.81155, -0.349814
9.81194, -0.349495
9.81232, -0.349177
9.8127, -0.348859
9.81308, -0.348541
9.81346, -0.348224
9.81384, -0.347906
9.81422, -0.34759
9.8146, -0.347273
9.81498, -0.346957
9.81536, -0.346641
9.81574, -0.346325
9.81612, -0.346009
9.8165, -0.345694
9.81688, -0.345379
9.81725, -0.345065
9.81763, -0.344751
9.81801, -0.344437
9.81838, -0.344123
9.81876, -0.34381
9.81913, -0.343497
9.81951, -0.343184
9.81988, -0.342871
9.82025, -0.342559
9.82063, -0.342247
9.821, -0.341935
9.82137, -0.341624
9.82174, -0.341313
9.82212, -0.341002
9.82249, -0.340692
9.82286, -0.340382
9.82323, -0.340072
9.8236, -0.339762
9.82397, -0.339453
9.82434, -0.339144
9.82471, -0.338835
9.82507, -0.338527
9.82544, -0.338219
9.82581, -0.337911
9.82618, -0.337603
9.82654, -0.337296
9.82691, -0.336989
9.82727, -0.336682
9.82764, -0.336376
9.82801, -0.33607
9.82837, -0.335764
9.82873, -0.335458
9.8291, -0.335153
9.82946, -0.334848
9.82982, -0.334543
9.83019, -0.334239
9.83055, -0.333935
9.83091, -0.333631
9.83127, -0.333327
9.83163, -0.333024
9.83199, -0.332721
9.83235, -0.332418
9.83271, -0.332116
9.83307, -0.331814
9.83343, -0.331512
9.83379, -0.33121
9.83415, -0.330909
9.83451, -0.330608
9.83486, -0.330307
9.83522, -0.330007
9.83558, -0.329707
9.83593, -0.329407
9.83629, -0.329107
9.83664, -0.328808
9.837, -0.328509
9.83735, -0.32821
9.83771, -0.327911
9.83806, -0.327613
9.83841, -0.327315
9.83877, -0.327018
9.83912, -0.32672
9.83947, -0.326423
9.83982, -0.326126
9.84018, -0.32583
9.84053, -0.325534
9.84088, -0.325238
9.84123, -0.324942
9.84158, -0.324646
9.84193, -0.324351
9.84228, -0.324056
9.84262, -0.323762
9.84297, -0.323467
9.84332, -0.323173
9.84367, -0.32288
9.84402, -0.322586
9.84436, -0.322293
9.84471, -0.322
9.84505, -0.321707
9.8454, -0.321415
9.84575, -0.321123
9.84609, -0.320831
9.84643, -0.320539
9.84678, -0.320248
9.84712, -0.319957
9.84747, -0.319666
9.84781, -0.319376
9.84815, -0.319086
9.84849, -0.318796
9.84883, -0.318506
9.84918, -0.318217
9.84952, -0.317927
9.84986, -0.317639
9.8502, -0.31735
9.85054, -0.317062
9.85088, -0.316774
9.85122, -0.316486
9.85155, -0.316198
9.85189, -0.315911
9.85223, -0.315624
9.85257, -0.315337
9.85291, -0.315051
9.85324, -0.314765
9.85358, -0.314479
9.85392, -0.314193
9.85425, -0.313908
9.85459, -0.313623
9.85492, -0.313338
9.85526, -0.313053
9.85559, -0.312769
9.85592, -0.312485
9.85626, -0.312201
9.85659, -0.311918
9.85692, -0.311635
9.85726, -0.311352
9.85759, -0.311069
9.85792, -0.310787
9.85825, -0.310504
9.85858, -0.310223
9.85891, -0.309941
9.85924, -0.30966
9.85957, -0.309378
9.8599, -0.309098
9.86023, -0.308817
9.86056, -0.308537
9.86089, -0.308257
9.86121, -0.307977
9.86154, -0.307697
9.86187, -0.307418
9.8622, -0.307139
9.86252, -0.30686
9.86285, -0.306582
9.86317, -0.306304
9.8635, -0.306026
9.86383, -0.305748
9.86415, -0.305471
9.86447, -0.305193
9.8648, -0.304916
9.86512, -0.30464
9.86544, -0.304363
9.86577, -0.304087
9.86609, -0.303811
9.86641, -0.303536
9.86673, -0.30326
9.86706, -0.302985
9.86738, -0.30271
9.8677, -0.302436
9.86802, -0.302162
9.86834, -0.301888
9.86866, -0.301614
9.86898, -0.30134
9.8693, -0.301067
9.86961, -0.300794
9.86993, -0.300521
9.87025, -0.300249
9.87057, -0.299976
9.87088, -0.299704
9.8712, -0.299432
9.87152, -0.299161
9.87183, -0.29889
9.87215, -0.298619
9.87247, -0.298348
9.87278, -0.298077
9.8731, -0.297807
9.87341, -0.297537
9.87372, -0.297268
9.87404, -0.296998
9.87435, -0.296729
9.87466, -0.29646
9.87498, -0.296191
9.87529, -0.295923
9.8756, -0.295655
9.87591, -0.295387
9.87622, -0.295119
9.87653, -0.294851
9.87684, -0.294584
9.87715, -0.294317
9.87746, -0.294051
9.87777, -0.293784
9.87808, -0.293518
9.87839, -0.293252
9.8787, -0.292986
9.87901, -0.292721
9.87932, -0.292456
9.87962, -0.292191
9.87993, -0.291926
9.88024, -0.291662
9.88054, -0.291397
9.88085, -0.291133
9.88116, -0.29087
9.88146, -0.290606
9.88177, -0.290343
9.88207, -0.29008
9.88237, -0.289817
9.88268, -0.289555
9.88298, -0.289293
9.88329, -0.289031
9.88359, -0.288769
9.88389, -0.288507
9.88419, -0.288246
9.8845, -0.287985
9.8848, -0.287725
9.8851, -0.287464
9.8854, -0.287204
9.8857, -0.286944
9.886, -0.286684
9.8863, -0.286424
9.8866, -0.286165
9.8869, -0.285906
9.8872, -0.285647
9.8875, -0.285389
9.8878, -0.285131
9.88809, -0.284872
9.88839, -0.284615
9.88869, -0.284357
9.88899, -0.2841
9.88928, -0.283843
9.88958, -0.283586
9.88987, -0.283329
9.89017, -0.283073
9.89047, -0.282817
9.89076, -0.282561
9.89105, -0.282305
9.89135, -0.28205
9.89164, -0.281795
9.89194, -0.28154
9.89223, -0.281285
9.89252, -0.281031
9.89282, -0.280776
9.89311, -0.280522
9.8934, -0.280269
9.89369, -0.280015
9.89398, -0.279762
9.89427, -0.279509
9.89457, -0.279256
9.89486, -0.279004
9.89515, -0.278751
9.89544, -0.278499
9.89573, -0.278247
9.89601, -0.277996
9.8963, -0.277745
9.89659, -0.277493
9.89688, -0.277243
9.89717, -0.276992
9.89746, -0.276742
9.89774, -0.276491
9.89803, -0.276241
9.89832, -0.275992
9.8986, -0.275742
9.89889, -0.275493
9.89917, -0.275244
9.89946, -0.274995
9.89974, -0.274747
9.90003, -0.274499
9.90031, -0.274251
9.9006, -0.274003
9.90088, -0.273755
9.90116, -0.273508
9.90145, -0.273261
9.90173, -0.273014
9.90201, -0.272767
9.9023, -0.272521
9.90258, -0.272274
9.90286, -0.272029
9.90314, -0.271783
9.90342, -0.271537
9.9037, -0.271292
9.90398, -0.271047
9.90426, -0.270802
9.90454, -0.270558
9.90482, -0.270313
9.9051, -0.270069
9.90538, -0.269825
9.90566, -0.269582
9.90594, -0.269338
9.90621, -0.269095
9.90649, -0.268852
9.90677, -0.268609
9.90704, -0.268367
9.90732, -0.268125
9.9076, -0.267883
9.90787, -0.267641
9.90815, -0.267399
9.90842, -0.267158
9.9087, -0.266917
9.90897, -0.266676
9.90925, -0.266435
9.90952, -0.266195
9.9098, -0.265954
9.91007, -0.265714
9.91034, -0.265475
9.91062, -0.265235
9.91089, -0.264996
9.91116, -0.264757
9.91143, -0.264518
9.9117, -0.264279
9.91198, -0.264041
9.91225, -0.263803
9.91252, -0.263565
9.91279, -0.263327
9.91306, -0.263089
9.91333, -0.262852
9.9136, -0.262615
9.91387, -0.262378
9.91414, -0.262141
9.91441, -0.261905
9.91467, -0.261669
9.91494, -0.261433
9.91521, -0.261197
9.91548, -0.260962
9.91574, -0.260726
9.91601, -0.260491
9.91628, -0.260256
9.91654, -0.260022
9.91681, -0.259787
9.91708, -0.259553
9.91734, -0.259319
9.91761, -0.259086
9.91787, -0.258852
9.91814, -0.258619
9.9184, -0.258386
9.91866, -0.258153
9.91893, -0.25792
9.91919, -0.257688
9.91945, -0.257455
9.91972, -0.257223
9.91998, -0.256992
9.92024, -0.25676
9.9205, -0.256529
9.92076, -0.256298
9.92103, -0.256067
9.92129, -0.255836
9.92155, -0.255606
9.92181, -0.255375
9.92207, -0.255145
9.92233, -0.254916
9.92259, -0.254686
9.92285, -0.254457
9.92311, -0.254228
9.92337, -0.253999
9.92362, -0.25377
9.92388, -0.253541
9.92414, -0.253313
9.9244, -0.253085
9.92465, -0.252857
9.92491, -0.252629
9.92517, -0.252402
9.92542, -0.252175
9.92568, -0.251948
9.92594, -0.251721
9.92619, -0.251494
9.92645, -0.251268
9.9267, -0.251042
9.92696, -0.250816
9.92721, -0.25059
9.92747, -0.250365
9.92772, -0.25014
9.92797, -0.249914
9.92823, -0.24969
9.92848, -0.249465
9.92873, -0.24924
9.92899, -0.249016
9.92924, -0.248792
9.92949, -0.248568
9.92974, -0.248345
9.92999, -0.248121
9.93024, -0.247898
9.93049, -0.247675
9.93074, -0.247453
9.93099, -0.24723
9.93124, -0.247008
9.93149, -0.246786
9.93174, -0.246564
9.93199, -0.246342
9.93224, -0.24612
9.93249, -0.245899
9.93274, -0.245678
9.93299, -0.245457
9.93323, -0.245237
9.93348, -0.245016
9.93373, -0.244796
9.93398, -0.244576
9.93422, -0.244356
9.93447, -0.244136
9.93472, -0.243917
9.93496, -0.243698
9.93521, -0.243479
9.93545, -0.24326
9.9357, -0.243041
9.93594, -0.242823
9.93619, -0.242605
9.93643, -0.242387
9.93667, -0.242169
9.93692, -0.241952
