0,0
0.001,0.001
0.0029998,0.0029998
0.0059989,0.0059989
0.0099965,0.0099965
0.0149915,0.0149915
0.0209825,0.0209825
0.0279678,0.0279678
0.0359454,0.0359454
0.0449131,0.0449131
0.0548682,0.0548682
0.0658078,0.0658078
0.0777289,0.0777289
0.0906278,0.0906278
0.104501,0.104501
0.119344,0.119344
0.135153,0.135153
0.151923,0.151923
0.16965,0.16965
0.188328,0.188328
0.207951,0.207951
0.228514,0.228514
0.250012,0.250012
0.272437,0.272437
0.295783,0.295783
0.320043,0.320043
0.345211,0.345211
0.371279,0.371279
0.398239,0.398239
0.426085,0.426085
0.454806,0.454806
0.484396,0.484396
0.514846,0.514846
0.546147,0.546147
0.57829,0.57829
0.611266,0.611266
0.645066,0.645066
0.679679,0.679679
0.715096,0.715096
0.751308,0.751308
0.788302,0.788302
0.82607,0.82607
0.864601,0.864601
0.903883,0.903883
0.943906,0.943906
0.984658,0.984658
0.997293,0.997293
0.997293,1.09729
0.997293,1.19729
0.997293,1.29729
0.997293,1.39729
0.997293,1.49729
0.997293,1.59729
0.997293,1.69729
0.997293,1.79729
0.997293,1.89729
0.997293,1.99729
0.997293,2.09729
0.997293,2.19729
0.997293,2.29729
0.997293,2.39729
0.997293,2.49729
0.997293,2.59729
0.997293,2.69729
0.997293,2.79729
0.997293,2.89729
0.997293,2.99729
0.997293,3.09729
0.997293,3.19729
0.997293,3.29729
0.997293,3.39729
0.997293,3.49729
0.997293,3.59729
0.997293,3.69729
0.997293,3.79729
0.997293,3.89729
0.997293,3.99729
0.997293,4.09729
0.997293,4.19729
0.997293,4.29729
0.997293,4.39729
0.997293,4.49729
0.997293,4.59729
0.997293,4.69729
0.997293,4.79729
0.997293,4.89729
0.997293,4.99729
0.997293,5.09729
1.09729,5.09729
1.19729,5.09729
1.29729,5.09729
1.39729,5.09729
1.49729,5.09729
1.59729,5.09729
1.69729,5.09729
1.79729,5.09729
1.89729,5.09729
1.99729,5.09729
2.09729,5.09729
2.09729,4.99729
2.09729,4.89729
2.09729,4.79729
2.09729,4.69729
2.09729,4.59729
2.09729,4.49729
2.09729,4.39729
2.09729,4.29729
2.09729,4.19729
2.09729,4.09729
2.09729,3.99729
2.09729,3.89729
2.09729,3.79729
2.09729,3.69729
2.09729,3.59729
2.09729,3.49729
2.09729,3.39729
2.09729,3.29729
2.09729,3.19729
2.09729,3.09729
2.09729,2.99729
2.09729,2.89729
2.09729,2.79729
2.09729,2.69729
2.09729,2.59729
2.09729,2.49729
2.09729,2.39729
2.09729,2.29729
2.09729,2.19729
2.09729,2.09729
2.09729,1.99729
2.09729,1.89729
2.09729,1.79729
2.09729,1.69729
2.09729,1.59729
2.09729,1.49729
2.09729,1.39729
2.09729,1.29729
2.09729,1.19729
2.09729,1.09729
2.09729,0.997293
1.99729,0.997293
1.89729,0.997293
1.79729,0.997293
1.69729,0.997293
1.59729,0.997293
1.49729,0.997293
1.39729,0.997293
1.29729,0.997293
1.19729,0.997293
1.09729,0.997293
0.997293,0.997293
0.997293,0.997293
1.09729,0.997293
1.19729,0.997293
1.29729,0.997293
1.39729,0.997293
1.49729,0.997293
1.59729,0.997293
1.69729,0.997293
1.79729,0.997293
1.89729,0.997293
1.99729,0.997293
2.09729,0.997293
2.09729,1.09729
2.09729,1.19729
2.09729,1.29729
2.09729,1.39729
2.09729,1.49729
2.09729,1.59729
2.09729,1.69729
2.09729,1.79729
2.09729,1.89729
2.09729,1.99729
2.09729,2.09729
2.09729,2.19729
2.09729,2.29729
2.09729,2.39729
2.09729,2.49729
2.09729,2.59729
2.09729,2.69729
2.09729,2.79729
2.09729,2.89729
2.09729,2.99729
2.09729,3.09729
2.09729,3.19729
2.09729,3.29729
2.09729,3.39729
2.09729,3.49729
2.09729,3.59729
2.09729,3.69729
2.09729,3.79729
2.09729,3.89729
2.09729,3.99729
2.09729,4.09729
2.09729,4.19729
2.09729,4.29729
2.09729,4.39729
2.09729,4.49729
2.09729,4.59729
2.09729,4.69729
2.09729,4.79729
2.09729,4.89729
2.09729,4.99729
2.09729,4.99729
2.16605,5.04082
2.23499,5.08446
2.30409,5.12821
2.37336,5.17205
2.44276,5.21599
2.51229,5.26
2.58192,5.30408
2.65165,5.34822
2.72146,5.39241
2.79134,5.43665
2.86126,5.48091
2.93122,5.5252
2.96849,5.50879
2.96849,5.60879
2.96849,5.70879
2.96849,5.80879
2.96849,5.90879
2.96849,6.00879
2.96849,6.10879
2.96849,6.20879
2.96849,6.30879
2.96849,6.40879
2.96849,6.50879
2.96849,6.60879
2.96849,6.70879
2.96849,6.80879
2.96849,6.90879
2.96849,7.00879
2.96849,7.10879
2.96849,7.20879
2.96849,7.30879
2.96849,7.40879
2.96849,7.50879
2.96849,7.60879
2.96849,7.70879
2.96849,7.80879
2.96849,7.90879
2.96849,8.00879
2.96849,8.10879
2.96849,8.20879
2.96849,8.30879
2.96849,8.40879
2.96849,8.50879
2.96849,8.60879
2.96849,8.70879
2.96849,8.80879
2.96849,8.90879
2.96849,9.00879
2.96849,9.10879
2.96849,9.20879
2.96849,9.30879
2.96849,9.40879
2.96849,9.50879
2.96849,9.60879
2.96849,9.70879
2.96849,9.80879
2.96849,9.90879
2.96849,10.0088
2.96849,10.1088
2.96849,10.2088
2.96849,10.3088
2.96849,10.4088
2.96849,10.5088
2.96849,10.6088
2.96849,10.7088
2.96849,10.8088
2.96849,10.9088
2.96849,11.0088
2.96849,11.1088
2.96849,11.2088
2.96849,11.3088
2.96849,11.4088
2.96849,11.5088
2.96849,11.6088
2.96849,11.7088
2.96849,11.8088
2.96849,11.9088
2.96849,12.0088
2.96849,12.1088
2.96849,12.2088
2.96849,12.3088
2.96849,12.4088
2.96849,12.5088
2.96849,12.6088
2.96849,12.7088
2.96849,12.8088
2.96849,12.9088
2.96849,13.0088
3.06849,13.0088
3.16849,13.0088
3.26849,13.0088
3.36849,13.0088
3.46849,13.0088
3.56849,13.0088
3.66849,13.0088
3.76849,13.0088
3.86849,13.0088
3.96849,13.0088
4.06849,13.0088
4.16849,13.0088
4.26849,13.0088
4.36849,13.0088
4.46849,13.0088
4.56849,13.0088
4.66849,13.0088
4.76849,13.0088
4.86849,13.0088
4.96849,13.0088
5.06849,13.0088
5.16849,13.0088
5.26849,13.0088
5.36849,13.0088
5.46849,13.0088
5.56849,13.0088
5.66849,13.0088
5.76849,13.0088
5.86849,13.0088
5.96849,13.0088
6.06849,13.0088
6.16849,13.0088
6.26849,13.0088
6.36849,13.0088
6.46849,13.0088
6.56849,13.0088
6.66849,13.0088
6.76849,13.0088
6.86849,13.0088
6.96849,13.0088
7.06849,13.0088
7.16849,13.0088
7.26849,13.0088
7.36849,13.0088
7.46849,13.0088
7.56849,13.0088
7.66849,13.0088
7.76849,13.0088
7.86849,13.0088
7.96849,13.0088
8.06849,13.0088
8.16849,13.0088
8.26849,13.0088
8.36849,13.0088
8.46849,13.0088
8.56849,13.0088
8.66849,13.0088
8.76849,13.0088
8.86849,13.0088
8.96849,13.0088
9.06849,13.0088
9.16849,13.0088
9.26849,13.0088
9.36849,13.0088
9.46849,13.0088
9.56849,13.0088
9.66849,13.0088
9.76849,13.0088
9.86849,13.0088
9.96849,13.0088
10.0685,13.0088
10.1685,13.0088
10.2685,13.0088
10.3685,13.0088
10.4685,13.0088
10.5685,13.0088
10.6685,13.0088
10.7685,13.0088
10.8685,13.0088
10.9685,13.0088
11.0685,13.0088
11.1685,13.0088
11.2685,13.0088
11.3685,13.0088
11.4685,13.0088
11.5685,13.0088
11.6685,13.0088
11.7685,13.0088
11.8685,13.0088
11.9685,13.0088
12.0685,13.0088
12.1685,13.0088
12.2685,13.0088
12.3685,13.0088
12.4685,13.0088
12.5685,13.0088
12.6685,13.0088
12.7685,13.0088
12.8685,13.0088
12.9685,13.0088
13.0685,13.0088
13.0685,12.9088
13.0685,12.8088
13.0685,12.7088
13.0685,12.6088
13.0685,12.5088
13.0685,12.4088
13.0685,12.3088
13.0685,12.2088
13.0685,12.1088
13.0685,12.0088
13.0685,11.9088
13.0685,11.8088
13.0685,11.7088
13.0685,11.6088
13.0685,11.5088
13.0685,11.4088
13.0685,11.3088
13.0685,11.2088
13.0685,11.1088
13.0685,11.0088
13.0685,10.9088
13.0685,10.8088
13.0685,10.7088
13.0685,10.6088
13.0685,10.5088
13.0685,10.4088
13.0685,10.3088
13.0685,10.2088
13.0685,10.1088
13.0685,10.0088
13.0685,9.90879
13.0685,9.80879
13.0685,9.70879
13.0685,9.60879
13.0685,9.50879
13.0685,9.40879
13.0685,9.30879
13.0685,9.20879
13.0685,9.10879
13.0685,9.00879
13.0685,8.90879
13.0685,8.80879
13.0685,8.70879
13.0685,8.60879
13.0685,8.50879
13.0685,8.40879
13.0685,8.30879
13.0685,8.20879
13.0685,8.10879
13.0685,8.00879
13.0685,7.90879
13.0685,7.80879
13.0685,7.70879
13.0685,7.60879
13.0685,7.50879
13.0685,7.40879
13.0685,7.30879
13.0685,7.20879
13.0685,7.10879
13.0685,7.00879
13.0685,6.90879
13.0685,6.80879
13.0685,6.70879
13.0685,6.60879
13.0685,6.50879
13.0685,6.40879
13.0685,6.30879
13.0685,6.20879
13.0685,6.10879
13.0685,6.00879
13.0685,5.90879
13.0685,5.80879
13.0685,5.70879
13.0685,5.60879
13.0685,5.50879
13.0685,5.40879
13.0685,5.30879
13.0685,5.20879
13.0685,5.10879
13.0685,5.00879
13.0685,4.90879
12.9685,4.90879
12.8685,4.90879
12.7685,4.90879
12.6685,4.90879
12.5685,4.90879
12.4685,4.90879
12.3685,4.90879
12.2685,4.90879
12.1685,4.90879
12.0685,4.90879
11.9685,4.90879
11.8685,4.90879
11.7685,4.90879
11.6685,4.90879
11.5685,4.90879
11.4685,4.90879
11.3685,4.90879
11.2685,4.90879
11.1685,4.90879
11.0685,4.90879
10.9685,4.90879
10.8685,4.90879
10.7685,4.90879
10.6685,4.90879
10.5685,4.90879
10.4685,4.90879
10.3685,4.90879
10.2685,4.90879
10.1685,4.90879
10.0685,4.90879
9.96849,4.90879
9.86849,4.90879
9.76849,4.90879
9.66849,4.90879
9.56849,4.90879
9.46849,4.90879
9.36849,4.90879
9.26849,4.90879
9.16849,4.90879
9.06849,4.90879
8.96849,4.90879
8.86849,4.90879
8.76849,4.90879
8.66849,4.90879
8.56849,4.90879
8.46849,4.90879
8.36849,4.90879
8.26849,4.90879
8.16849,4.90879
8.06849,4.90879
7.96849,4.90879
7.86849,4.90879
7.76849,4.90879
7.66849,4.90879
7.56849,4.90879
7.46849,4.90879
7.36849,4.90879
7.26849,4.90879
7.16849,4.90879
7.06849,4.90879
6.96849,4.90879
6.86849,4.90879
6.76849,4.90879
6.66849,4.90879
6.56849,4.90879
6.46849,4.90879
6.36849,4.90879
6.26849,4.90879
6.16849,4.90879
6.06849,4.90879
5.96849,4.90879
5.96849,5.00879
5.96849,5.10879
5.96849,5.20879
5.96849,5.30879
5.96849,5.40879
5.96849,5.50879
5.96849,5.60879
5.96849,5.70879
5.96849,5.80879
5.96849,5.90879
5.96849,6.00879
6.06849,6.00879
6.16849,6.00879
6.26849,6.00879
6.36849,6.00879
6.46849,6.00879
6.56849,6.00879
6.66849,6.00879
6.76849,6.00879
6.86849,6.00879
6.96849,6.00879
7.06849,6.00879
7.16849,6.00879
7.26849,6.00879
7.36849,6.00879
7.46849,6.00879
7.56849,6.00879
7.66849,6.00879
7.76849,6.00879
7.86849,6.00879
7.96849,6.00879
8.06849,6.00879
8.16849,6.00879
8.26849,6.00879
8.36849,6.00879
8.46849,6.00879
8.56849,6.00879
8.66849,6.00879
8.76849,6.00879
8.86849,6.00879
8.96849,6.00879
9.06849,6.00879
9.16849,6.00879
9.26849,6.00879
9.36849,6.00879
9.46849,6.00879
9.56849,6.00879
9.66849,6.00879
9.76849,6.00879
9.86849,6.00879
9.96849,6.00879
10.0685,6.00879
10.1685,6.00879
10.2685,6.00879
10.3685,6.00879
10.4685,6.00879
10.5685,6.00879
10.6685,6.00879
10.7685,6.00879
10.8685,6.00879
10.9685,6.00879
11.0685,6.00879
11.1685,6.00879
11.2685,6.00879
11.3685,6.00879
11.4685,6.00879
11.5685,6.00879
11.6685,6.00879
11.7685,6.00879
11.8685,6.00879
11.8685,6.10879
11.8685,6.20879
11.8685,6.30879
11.8685,6.40879
11.8685,6.50879
11.8685,6.60879
11.8685,6.70879
11.8685,6.80879
11.8685,6.90879
11.8685,7.00879
11.8685,7.10879
11.8685,7.20879
11.8685,7.30879
11.8685,7.40879
11.8685,7.50879
11.8685,7.60879
11.8685,7.70879
11.8685,7.80879
11.8685,7.90879
11.8685,8.00879
11.8685,8.10879
11.8685,8.20879
11.8685,8.30879
11.8685,8.40879
11.8685,8.50879
11.8685,8.60879
11.8685,8.70879
11.8685,8.80879
11.8685,8.90879
11.8685,9.00879
11.8685,9.10879
11.8685,9.20879
11.8685,9.30879
11.8685,9.40879
11.8685,9.50879
11.8685,9.60879
11.8685,9.70879
11.8685,9.80879
11.8685,9.90879
11.8685,10.0088
11.8685,10.1088
11.8685,10.2088
11.8685,10.3088
11.8685,10.4088
11.8685,10.5088
11.8685,10.6088
11.8685,10.7088
11.8685,10.8088
11.8685,10.9088
11.8685,11.0088
11.8685,11.1088
11.8685,11.2088
11.8685,11.3088
11.8685,11.4088
11.8685,11.5088
11.8685,11.6088
11.8685,11.7088
11.8685,11.8088
11.7685,11.8088
11.6685,11.8088
11.5685,11.8088
11.4685,11.8088
11.3685,11.8088
11.2685,11.8088
11.1685,11.8088
11.0685,11.8088
10.9685,11.8088
10.8685,11.8088
10.7685,11.8088
10.6685,11.8088
10.5685,11.8088
10.4685,11.8088
10.3685,11.8088
10.2685,11.8088
10.1685,11.8088
10.0685,11.8088
9.96849,11.8088
9.86849,11.8088
9.76849,11.8088
9.66849,11.8088
9.56849,11.8088
9.46849,11.8088
9.36849,11.8088
9.26849,11.8088
9.16849,11.8088
9.06849,11.8088
8.96849,11.8088
8.86849,11.8088
8.76849,11.8088
8.66849,11.8088
8.56849,11.8088
8.46849,11.8088
8.36849,11.8088
8.26849,11.8088
8.16849,11.8088
8.06849,11.8088
7.96849,11.8088
7.86849,11.8088
7.76849,11.8088
7.66849,11.8088
7.56849,11.8088
7.46849,11.8088
7.36849,11.8088
7.26849,11.8088
7.16849,11.8088
7.06849,11.8088
6.96849,11.8088
6.86849,11.8088
6.76849,11.8088
6.66849,11.8088
6.56849,11.8088
6.46849,11.8088
6.36849,11.8088
6.26849,11.8088
6.16849,11.8088
6.06849,11.8088
5.96849,11.8088
5.86849,11.8088
5.76849,11.8088
5.66849,11.8088
5.56849,11.8088
5.46849,11.8088
5.36849,11.8088
5.26849,11.8088
5.16849,11.8088
5.06849,11.8088
4.96849,11.8088
4.86849,11.8088
4.76849,11.8088
4.66849,11.8088
4.56849,11.8088
4.46849,11.8088
4.36849,11.8088
4.26849,11.8088
4.16849,11.8088
4.16849,11.7088
4.16849,11.6088
4.16849,11.5088
4.16849,11.4088
4.16849,11.3088
4.16849,11.2088
4.16849,11.1088
4.16849,11.0088
4.16849,10.9088
4.16849,10.8088
4.16849,10.7088
4.16849,10.6088
4.16849,10.5088
4.16849,10.4088
4.16849,10.3088
4.16849,10.2088
4.16849,10.1088
4.16849,10.0088
4.16849,9.90879
4.16849,9.80879
4.16849,9.70879
4.16849,9.60879
4.16849,9.50879
4.16849,9.40879
4.16849,9.30879
4.16849,9.20879
4.16849,9.10879
4.16849,9.00879
4.16849,8.90879
4.16849,8.80879
4.16849,8.70879
4.16849,8.60879
4.16849,8.50879
4.16849,8.40879
4.16849,8.30879
4.16849,8.20879
4.16849,8.10879
4.16849,8.00879
4.16849,7.90879
4.16849,7.80879
4.16849,7.70879
4.16849,7.60879
4.16849,7.50879
4.16849,7.40879
4.16849,7.30879
4.16849,7.20879
4.16849,7.10879
4.16849,7.00879
4.16849,6.90879
4.16849,6.80879
4.16849,6.70879
4.16849,6.60879
4.16849,6.50879
4.16849,6.40879
4.16849,6.30879
4.16849,6.20879
4.16849,6.10879
4.16849,6.00879
4.16849,5.90879
4.16849,5.80879
4.16849,5.70879
4.16849,5.60879
4.16849,5.50879
4.16849,5.40879
4.16849,5.30879
4.16849,5.20879
4.16849,5.10879
4.16849,5.00879
4.16849,4.90879
4.16849,4.80879
4.16849,4.70879
4.16849,4.60879
4.16849,4.50879
4.16849,4.40879
4.16849,4.30879
4.16849,4.20879
4.16849,4.10879
4.16849,4.00879
4.16849,3.90879
4.16849,3.80879
4.16849,3.70879
4.16849,3.60879
4.16849,3.50879
4.16849,3.40879
4.16849,3.30879
4.16849,3.20879
4.16849,3.10879
4.16849,3.00879
4.16849,2.90879
4.06849,2.90879
3.96849,2.90879
3.86849,2.90879
3.76849,2.90879
3.66849,2.90879
3.56849,2.90879
3.46849,2.90879
3.36849,2.90879
3.26849,2.90879
3.16849,2.90879
3.06849,2.90879
2.96849,2.90879
2.96849,3.00879
2.96849,3.10879
2.96849,3.20879
2.96849,3.30879
2.96849,3.40879
2.96849,3.50879
2.96849,3.60879
2.96849,3.70879
2.96849,3.80879
2.96849,3.90879
2.96849,4.00879
2.96849,4.10879
2.96849,4.20879
2.96849,4.30879
2.96849,4.40879
2.96849,4.50879
2.96849,4.60879
2.96849,4.70879
2.96849,4.80879
2.96849,4.90879
2.96849,5.00879
2.96849,5.10879
2.96849,5.20879
2.96849,5.30879
2.96849,5.40879
2.96849,5.50879
2.96849,5.50879
2.96849,5.60879
2.96849,5.70879
2.96849,5.80879
2.96849,5.90879
2.96849,6.00879
2.96849,6.10879
2.96849,6.20879
2.96849,6.30879
2.96849,6.40879
2.96849,6.50879
2.96849,6.60879
2.96849,6.70879
2.96849,6.80879
2.96849,6.90879
2.96849,7.00879
2.96849,7.10879
2.96849,7.20879
2.96849,7.30879
2.96849,7.40879
2.96849,7.50879
2.96849,7.60879
2.96849,7.70879
2.96849,7.80879
2.96849,7.90879
2.96849,8.00879
2.96849,8.10879
2.96849,8.20879
2.96849,8.30879
2.96849,8.40879
2.96849,8.50879
2.96849,8.60879
2.96849,8.70879
2.96849,8.80879
2.96849,8.90879
2.96849,9.00879
2.96849,9.10879
2.96849,9.20879
2.96849,9.30879
2.96849,9.40879
2.96849,9.50879
2.96849,9.60879
2.96849,9.70879
2.96849,9.80879
2.96849,9.90879
2.96849,10.0088
2.96849,10.1088
2.96849,10.2088
2.96849,10.3088
2.96849,10.4088
2.96849,10.5088
2.96849,10.6088
2.96849,10.7088
2.96849,10.8088
2.96849,10.9088
2.96849,11.0088
2.96849,11.1088
2.96849,11.2088
2.96849,11.3088
2.96849,11.4088
2.96849,11.5088
2.96849,11.6088
2.96849,11.7088
2.96849,11.8088
2.96849,11.9088
2.96849,12.0088
2.96849,12.1088
2.96849,12.2088
2.96849,12.3088
2.96849,12.4088
2.96849,12.5088
2.96849,12.6088
2.96849,12.7088
2.96849,12.8088
2.96849,12.9088
2.96849,13.0088
3.06849,13.0088
3.16849,13.0088
3.26849,13.0088
3.36849,13.0088
3.46849,13.0088
3.56849,13.0088
3.66849,13.0088
3.76849,13.0088
3.86849,13.0088
3.96849,13.0088
4.06849,13.0088
4.16849,13.0088
4.26849,13.0088
4.36849,13.0088
4.46849,13.0088
4.56849,13.0088
4.66849,13.0088
4.76849,13.0088
4.86849,13.0088
4.96849,13.0088
5.06849,13.0088
5.16849,13.0088
5.26849,13.0088
5.36849,13.0088
5.46849,13.0088
5.56849,13.0088
5.66849,13.0088
5.76849,13.0088
5.86849,13.0088
5.96849,13.0088
6.06849,13.0088
6.16849,13.0088
6.26849,13.0088
6.36849,13.0088
6.46849,13.0088
6.56849,13.0088
6.66849,13.0088
6.76849,13.0088
6.86849,13.0088
6.96849,13.0088
7.06849,13.0088
7.16849,13.0088
7.26849,13.0088
7.36849,13.0088
7.46849,13.0088
7.56849,13.0088
7.66849,13.0088
7.76849,13.0088
7.86849,13.0088
7.96849,13.0088
8.06849,13.0088
8.16849,13.0088
8.26849,13.0088
8.36849,13.0088
8.46849,13.0088
8.56849,13.0088
8.66849,13.0088
8.76849,13.0088
8.86849,13.0088
8.96849,13.0088
9.06849,13.0088
9.16849,13.0088
9.26849,13.0088
9.36849,13.0088
9.46849,13.0088
9.56849,13.0088
9.66849,13.0088
9.76849,13.0088
9.86849,13.0088
9.96849,13.0088
10.0685,13.0088
10.1685,13.0088
10.2685,13.0088
10.3685,13.0088
10.4685,13.0088
10.5685,13.0088
10.6685,13.0088
10.7685,13.0088
10.8685,13.0088
10.9685,13.0088
11.0685,13.0088
11.1685,13.0088
11.2685,13.0088
11.3685,13.0088
11.4685,13.0088
11.5685,13.0088
11.6685,13.0088
11.7685,13.0088
11.8685,13.0088
11.9685,13.0088
12.0685,13.0088
12.1685,13.0088
12.2685,13.0088
12.3685,13.0088
12.4685,13.0088
12.5685,13.0088
12.6685,13.0088
12.7685,13.0088
12.8685,13.0088
12.9685,13.0088
13.0685,13.0088
13.0685,12.9088
13.0685,12.8088
13.0685,12.7088
13.0685,12.6088
13.0685,12.5088
13.0685,12.4088
13.0685,12.3088
13.0685,12.2088
13.0685,12.1088
13.0685,12.0088
13.0685,11.9088
13.0685,11.8088
13.0685,11.7088
13.0685,11.6088
13.0685,11.5088
13.0685,11.4088
13.0685,11.3088
13.0685,11.2088
13.0685,11.1088
13.0685,11.0088
13.0685,10.9088
13.0685,10.8088
13.0685,10.7088
13.0685,10.6088
13.0685,10.5088
13.0685,10.4088
13.0685,10.3088
13.0685,10.2088
13.0685,10.1088
13.0685,10.0088
13.0685,9.90879
13.0685,9.80879
13.0685,9.70879
13.0685,9.60879
13.0685,9.50879
13.0685,9.40879
13.0685,9.30879
13.0685,9.20879
13.0685,9.10879
13.0685,9.00879
13.0685,8.90879
13.0685,8.80879
13.0685,8.70879
13.0685,8.60879
13.0685,8.50879
13.0685,8.40879
13.0685,8.30879
13.0685,8.20879
13.0685,8.10879
13.0685,8.00879
13.0685,7.90879
13.0685,7.80879
13.0685,7.70879
13.0685,7.60879
13.0685,7.50879
13.0685,7.40879
13.0685,7.30879
13.0685,7.20879
13.0685,7.10879
13.0685,7.00879
13.0685,6.90879
13.0685,6.80879
13.0685,6.70879
13.0685,6.60879
13.0685,6.50879
13.0685,6.40879
13.0685,6.30879
13.0685,6.20879
13.0685,6.10879
13.0685,6.00879
13.0685,5.90879
13.0685,5.80879
13.0685,5.70879
13.0685,5.60879
13.0685,5.50879
13.0685,5.40879
13.0685,5.30879
13.0685,5.20879
13.0685,5.10879
13.0685,5.00879
13.0685,4.90879
12.9685,4.90879
12.8685,4.90879
12.7685,4.90879
12.6685,4.90879
12.5685,4.90879
12.4685,4.90879
12.3685,4.90879
12.2685,4.90879
12.1685,4.90879
12.0685,4.90879
11.9685,4.90879
11.8685,4.90879
11.7685,4.90879
11.6685,4.90879
11.5685,4.90879
11.4685,4.90879
11.3685,4.90879
11.2685,4.90879
11.1685,4.90879
11.0685,4.90879
10.9685,4.90879
10.8685,4.90879
10.7685,4.90879
10.6685,4.90879
10.5685,4.90879
10.4685,4.90879
10.3685,4.90879
10.2685,4.90879
10.1685,4.90879
10.0685,4.90879
9.96849,4.90879
9.86849,4.90879
9.76849,4.90879
9.66849,4.90879
9.56849,4.90879
9.46849,4.90879
9.36849,4.90879
9.26849,4.90879
9.16849,4.90879
9.06849,4.90879
8.96849,4.90879
8.86849,4.90879
8.76849,4.90879
8.66849,4.90879
8.56849,4.90879
8.46849,4.90879
8.36849,4.90879
8.26849,4.90879
8.16849,4.90879
8.06849,4.90879
7.96849,4.90879
7.86849,4.90879
7.76849,4.90879
7.66849,4.90879
7.56849,4.90879
7.46849,4.90879
7.36849,4.90879
7.26849,4.90879
7.16849,4.90879
7.06849,4.90879
6.96849,4.90879
6.86849,4.90879
6.76849,4.90879
6.66849,4.90879
6.56849,4.90879
6.46849,4.90879
6.36849,4.90879
6.26849,4.90879
6.16849,4.90879
6.06849,4.90879
5.96849,4.90879
5.96849,5.00879
5.96849,5.10879
5.96849,5.20879
5.96849,5.30879
5.96849,5.40879
5.96849,5.50879
5.96849,5.60879
5.96849,5.70879
5.96849,5.80879
5.96849,5.90879
5.96849,6.00879
6.06849,6.00879
6.16849,6.00879
6.26849,6.00879
6.36849,6.00879
6.46849,6.00879
6.56849,6.00879
6.66849,6.00879
6.76849,6.00879
6.86849,6.00879
6.96849,6.00879
7.06849,6.00879
7.16849,6.00879
7.26849,6.00879
7.36849,6.00879
7.46849,6.00879
7.56849,6.00879
7.66849,6.00879
7.76849,6.00879
7.86849,6.00879
7.96849,6.00879
8.06849,6.00879
8.16849,6.00879
8.26849,6.00879
8.36849,6.00879
8.46849,6.00879
8.56849,6.00879
8.66849,6.00879
8.76849,6.00879
8.86849,6.00879
8.96849,6.00879
9.06849,6.00879
9.16849,6.00879
9.26849,6.00879
9.36849,6.00879
9.46849,6.00879
9.56849,6.00879
9.66849,6.00879
9.76849,6.00879
9.86849,6.00879
9.96849,6.00879
10.0685,6.00879
10.1685,6.00879
10.2685,6.00879
10.3685,6.00879
10.4685,6.00879
10.5685,6.00879
10.6685,6.00879
10.7685,6.00879
10.8685,6.00879
10.9685,6.00879
11.0685,6.00879
11.1685,6.00879
11.2685,6.00879
11.3685,6.00879
11.4685,6.00879
11.5685,6.00879
11.6685,6.00879
11.7685,6.00879
11.8685,6.00879
11.8685,6.10879
11.8685,6.20879
11.8685,6.30879
11.8685,6.40879
11.8685,6.50879
11.8685,6.60879
11.8685,6.70879
11.8685,6.80879
11.8685,6.90879
11.8685,7.00879
11.8685,7.10879
11.8685,7.20879
11.8685,7.30879
11.8685,7.40879
11.8685,7.50879
11.8685,7.60879
11.8685,7.70879
11.8685,7.80879
11.8685,7.90879
11.8685,8.00879
11.8685,8.10879
11.8685,8.20879
11.8685,8.30879
11.8685,8.40879
11.8685,8.50879
11.8685,8.60879
11.8685,8.70879
11.8685,8.80879
11.8685,8.90879
11.8685,9.00879
11.8685,9.10879
11.8685,9.20879
11.8685,9.30879
11.8685,9.40879
11.8685,9.50879
11.8685,9.60879
11.8685,9.70879
11.8685,9.80879
11.8685,9.90879
11.8685,10.0088
11.8685,10.1088
11.8685,10.2088
11.8685,10.3088
11.8685,10.4088
11.8685,10.5088
11.8685,10.6088
11.8685,10.7088
11.8685,10.8088
11.8685,10.9088
11.8685,11.0088
11.8685,11.1088
11.8685,11.2088
11.8685,11.3088
11.8685,11.4088
11.8685,11.5088
11.8685,11.6088
11.8685,11.7088
11.8685,11.8088
11.7685,11.8088
11.6685,11.8088
11.5685,11.8088
11.4685,11.8088
11.3685,11.8088
11.2685,11.8088
11.1685,11.8088
11.0685,11.8088
10.9685,11.8088
10.8685,11.8088
10.7685,11.8088
10.6685,11.8088
10.5685,11.8088
10.4685,11.8088
10.3685,11.8088
10.2685,11.8088
10.1685,11.8088
10.0685,11.8088
10.0685,11.8088
10.0677,11.7889
10.067,11.769
10.0662,11.7492
10.0655,11.7295
10.0647,11.7097
10.064,11.6901
10.0632,11.6705
10.0625,11.6509
10.0618,11.6315
10.061,11.612
10.0603,11.5927
10.0596,11.5734
10.0588,11.5542
10.0581,11.5351
10.0574,11.5161
10.0567,11.4971
10.056,11.4783
10.0553,11.4595
10.0546,11.4408
10.0538,11.4222
10.0531,11.4037
10.0525,11.3853
10.0518,11.3671
10.0511,11.3489
10.0504,11.3308
10.0497,11.3128
10.049,11.295
10.0484,11.2772
10.0477,11.2596
10.047,11.2421
10.0464,11.2247
10.0457,11.2074
10.0451,11.1903
10.0444,11.1733
10.0438,11.1564
10.0431,11.1396
10.0425,11.123
10.0419,11.1065
10.0413,11.0901
10.0407,11.0738
10.04,11.0577
10.0394,11.0418
10.0388,11.0259
10.0383,11.0102
10.0377,10.9947
10.0371,10.9793
10.0365,10.964
10.0359,10.9489
10.0354,10.9339
10.0348,10.919
10.0342,10.9043
10.0337,10.8897
10.0331,10.8753
10.0326,10.8611
10.0321,10.8469
10.0315,10.833
10.031,10.8191
10.0305,10.8055
10.03,10.7919
10.0295,10.7785
10.029,10.7653
10.0285,10.7522
10.028,10.7393
10.0275,10.7265
10.027,10.7139
10.0266,10.7014
10.0261,10.689
10.0256,10.6768
10.0252,10.6648
10.0247,10.6529
10.0243,10.6411
10.0238,10.6295
10.0234,10.6181
10.023,10.6068
10.0226,10.5956
10.0221,10.5846
10.0217,10.5737
10.0213,10.563
10.0209,10.5524
10.0205,10.5419
10.0201,10.5316
10.0197,10.5215
10.0194,10.5115
10.019,10.5016
10.0186,10.4919
10.0183,10.4823
10.0179,10.4728
10.0176,10.4635
10.0172,10.4543
10.0169,10.4453
10.0165,10.4364
10.0162,10.4276
10.0159,10.419
10.0155,10.4105
10.0152,10.4021
10.0149,10.3939
10.0146,10.3857
10.0143,10.3778
10.014,10.3699
10.0137,10.3622
10.0134,10.3546
10.0131,10.3471
10.0129,10.3397
10.0126,10.3325
10.0123,10.3254
10.0121,10.3184
10.0118,10.3115
10.0115,10.3047
10.0113,10.2981
10.011,10.2916
10.0108,10.2852
10.0106,10.2789
10.0103,10.2727
10.0101,10.2666
10.0099,10.2606
10.0096,10.2548
10.0094,10.249
10.0092,10.2433
10.009,10.2378
10.0088,10.2323
10.0086,10.227
10.0084,10.2218
10.0082,10.2166
10.008,10.2116
10.0078,10.2066
10.0076,10.2018
10.0075,10.197
10.0073,10.1923
10.0071,10.1878
10.0069,10.1833
10.0068,10.1789
10.0066,10.1746
10.0064,10.1703
10.0063,10.1662
10.0061,10.1621
10.006,10.1582
10.0058,10.1543
10.0057,10.1505
10.0056,10.1467
10.0054,10.1431
10.0053,10.1395
10.0051,10.136
10.005,10.1326
10.0049,10.1292
10.0048,10.1259
10.0046,10.1227
10.0045,10.1196
10.0044,10.1165
10.0043,10.1135
10.0042,10.1106
10.0041,10.1077
10.004,10.1049
10.0039,10.1021
10.0038,10.0994
10.0037,10.0968
10.0036,10.0943
10.0035,10.0917
10.0034,10.0893
10.0033,10.0869
10.0032,10.0846
10.0031,10.0823
10.003,10.0801
10.0029,10.0779
10.0029,10.0758
10.0028,10.0737
10.0027,10.0716
10.0026,10.0697
10.0026,10.0677
10.0025,10.0659
10.0024,10.064
10.0024,10.0622
10.0023,10.0605
10.0022,10.0588
10.0022,10.0571
10.0021,10.0555
10.002,10.0539
10.002,10.0524
10.0019,10.0509
10.0019,10.0494
10.0018,10.048
10.0018,10.0466
10.0017,10.0452
10.0017,10.0439
10.0016,10.0426
10.0016,10.0414
10.0015,10.0401
10.0015,10.039
10.0014,10.0378
10.0014,10.0367
10.0013,10.0356
10.0013,10.0345
10.0013,10.0335
10.0012,10.0325
10.0012,10.0315
10.0012,10.0305
10.0011,10.0296
10.0011,10.0287
10.0011,10.0278
10.001,10.0269
10.001,10.0261
10.001,10.0253
10.0009,10.0245
10.0009,10.0238
10.0009,10.023
10.0008,10.0223
10.0008,10.0216
10.0008,10.0209
10.0008,10.0202
10.0007,10.0196
10.0007,10.019
10.0007,10.0184
10.0007,10.0178
10.0007,10.0172
10.0006,10.0166
10.0006,10.0161
10.0006,10.0156
10.0006,10.0151
10.0006,10.0146
10.0005,10.0141
10.0005,10.0136
10.0005,10.0132
10.0005,10.0128
10.0005,10.0123
10.0005,10.0119
10.0004,10.0115
10.0004,10.0111
10.0004,10.0108
10.0004,10.0104
10.0004,10.01
10.0004,10.0097
